m (0.000000 0.000000 -340.000000)
m (-36.065666 28.405548 -340.000000)
m (-36.065666 28.405548 -343.000000)
l (-36.581635 29.328972 -343.000000)
l (-36.991058 30.287674 -343.000000)
l (-43.625191 27.317307 -343.000000)
l (-49.545689 23.310112 -343.000000)
l (-54.692829 18.356369 -343.000000)
l (-59.006897 12.546356 -343.000000)
l (-62.428185 5.970345 -343.000000)
l (-64.896957 -1.281387 -343.000000)
l (-66.353523 -9.118561 -343.000000)
l (-66.738152 -17.450897 -343.000000)
l (-66.435349 -22.125038 -343.000000)
l (-65.751198 -26.640453 -343.000000)
l (-63.443192 -35.127171 -343.000000)
l (-60.222870 -42.775181 -343.000000)
l (-56.498978 -49.448627 -343.000000)
l (-52.680248 -55.011646 -343.000000)
l (-49.175411 -59.328377 -343.000000)
l (-44.742382 -63.679527 -343.000000)
l (-41.876537 -65.491425 -343.000000)
l (-40.710464 -65.795052 -343.000000)
l (-39.339642 -65.586517 -343.000000)
l (-38.394478 -64.807922 -343.000000)
l (-37.777905 -63.548222 -343.000000)
l (-37.280350 -62.311401 -343.000000)
l (-36.692230 -61.601456 -343.000000)
l (-35.893826 -61.876053 -343.000000)
l (-34.976940 -62.802719 -343.000000)
l (-34.049335 -63.700249 -343.000000)
l (-33.218765 -63.887421 -343.000000)
l (-31.116852 -62.094685 -343.000000)
l (-29.934238 -59.918175 -343.000000)
l (-29.563225 -58.034409 -343.000000)
l (-29.896118 -57.119907 -343.000000)
l (-32.576439 -56.896809 -343.000000)
l (-36.456512 -57.402760 -343.000000)
l (-41.152573 -59.061546 -343.000000)
l (-46.280838 -62.296959 -343.000000)
l (-45.210430 -63.328896 -343.000000)
m (-45.210430 -63.328896 -340.000000)
m (38.834137 -38.649727 -340.000000)
m (38.834137 -38.649727 -343.000000)
l (34.428513 -44.336098 -343.000000)
l (31.012932 -47.385277 -343.000000)
l (27.519569 -49.062088 -343.000000)
l (22.880615 -50.631371 -343.000000)
m (22.880615 -50.631371 -340.000000)
m (-11.158272 -56.563164 -340.000000)
m (-11.158272 -56.563164 -343.000000)
l (-13.742798 -57.179459 -343.000000)
l (-18.719528 -57.713264 -343.000000)
l (-23.717857 -57.793930 -343.000000)
l (-28.622223 -57.313232 -343.000000)
l (-33.317062 -56.162964 -343.000000)
l (-37.686810 -54.234905 -343.000000)
l (-41.615891 -51.420849 -343.000000)
l (-44.988739 -47.612576 -343.000000)
l (-47.689793 -42.701874 -343.000000)
m (-47.689793 -42.701874 -340.000000)
m (-15.160942 -48.565105 -340.000000)
m (-15.160942 -48.565105 -343.000000)
l (-12.288292 -56.291279 -343.000000)
l (-8.008316 -64.270172 -343.000000)
l (-3.314667 -71.029930 -343.000000)
l (-1.123238 -73.492683 -343.000000)
l (0.798988 -75.098717 -343.000000)
l (2.574707 -76.009560 -343.000000)
l (3.958725 -76.289154 -343.000000)
l (5.027275 -76.088089 -343.000000)
l (5.856598 -75.556908 -343.000000)
l (7.102478 -74.106514 -343.000000)
l (8.306252 -73.142517 -343.000000)
l (9.581581 -73.471497 -343.000000)
l (10.615044 -74.546066 -343.000000)
l (11.814789 -75.438713 -343.000000)
l (12.604553 -75.526978 -343.000000)
l (13.588951 -75.221954 -343.000000)
l (15.343712 -73.718254 -343.000000)
l (17.129822 -71.056358 -343.000000)
l (18.849846 -67.492287 -343.000000)
l (20.406342 -63.282055 -343.000000)
l (21.701889 -58.681686 -343.000000)
l (22.639046 -53.947197 -343.000000)
l (23.120377 -49.334614 -343.000000)
l (23.048447 -45.099953 -343.000000)
m (23.048447 -45.099953 -340.000000)
m (-1.614159 -73.096176 -340.000000)
m (-1.614159 -73.096176 -343.000000)
l (-2.171684 -72.255447 -343.000000)
l (-0.153404 -70.660309 -343.000000)
l (2.548332 -69.484291 -343.000000)
l (5.658699 -68.702965 -343.000000)
l (8.902893 -68.291901 -343.000000)
l (14.693535 -68.482811 -343.000000)
l (16.690361 -69.035919 -343.000000)
l (17.721779 -69.861542 -343.000000)
l (17.280510 -70.828133 -343.000000)
m (17.280510 -70.828133 -340.000000)
m (61.650330 51.284561 -340.000000)
m (61.650330 51.284561 -343.000000)
l (62.986115 47.157272 -343.000000)
l (64.652634 43.242889 -343.000000)
l (68.684158 35.695930 -343.000000)
l (73.157639 27.929840 -343.000000)
l (77.485809 19.230751 -343.000000)
l (78.859848 15.514793 -343.000000)
l (79.715042 11.994919 -343.000000)
l (80.093079 8.666191 -343.000000)
l (80.035599 5.523659 -343.000000)
l (79.584274 2.562370 -343.000000)
l (78.780746 -0.222610 -343.000000)
l (76.283752 -5.283455 -343.000000)
l (72.877884 -9.698463 -343.000000)
l (68.896408 -13.507202 -343.000000)
l (64.672607 -16.749252 -343.000000)
l (60.539734 -19.464188 -343.000000)
l (52.787720 -24.360054 -343.000000)
l (44.575256 -28.909863 -343.000000)
l (39.892426 -30.923981 -343.000000)
l (34.609734 -32.694378 -343.000000)
l (28.565620 -34.168640 -343.000000)
l (21.598511 -35.294376 -343.000000)
l (13.658463 -35.971931 -343.000000)
l (5.097984 -35.690758 -343.000000)
l (0.753113 -34.977932 -343.000000)
l (-3.545219 -33.770164 -343.000000)
l (-7.729805 -31.982365 -343.000000)
l (-11.733429 -29.529453 -343.000000)
l (-15.488876 -26.326336 -343.000000)
l (-18.928940 -22.287926 -343.000000)
l (-21.986397 -17.329147 -343.000000)
l (-24.594032 -11.364899 -343.000000)
l (-26.684647 -4.310104 -343.000000)
l (-28.191010 3.920326 -343.000000)
l (-29.045918 13.411484 -343.000000)
l (-29.182152 24.248451 -343.000000)
l (-30.738602 24.939308 -343.000000)
m (-30.738602 24.939308 -340.000000)
m (-13.829994 57.558823 -340.000000)
m (-13.829994 57.558823 -343.000000)
l (-8.505669 62.796478 -343.000000)
l (-2.901047 66.993851 -343.000000)
l (2.896088 70.221771 -343.000000)
l (8.797958 72.551102 -343.000000)
l (14.716782 74.052689 -343.000000)
l (20.564781 74.797379 -343.000000)
l (26.254166 74.856003 -343.000000)
l (31.697159 74.299423 -343.000000)
l (31.760002 72.759628 -343.000000)
m (31.760002 72.759628 -340.000000)
m (-13.710449 58.024750 -340.000000)
m (-13.710449 58.024750 -343.000000)
l (-13.780243 58.511169 -343.000000)
l (-14.295029 59.645432 -343.000000)
l (-15.712936 60.940018 -343.000000)
l (-18.492096 61.907455 -343.000000)
l (-20.280281 61.915344 -343.000000)
l (-21.807228 61.313370 -343.000000)
l (-23.133705 60.195923 -343.000000)
l (-24.320496 58.657364 -343.000000)
l (-28.886166 50.179398 -343.000000)
l (-31.658073 46.638474 -343.000000)
l (-34.909286 42.889343 -343.000000)
l (-36.296627 40.763855 -343.000000)
l (-37.302181 38.378937 -343.000000)
l (-37.758755 35.665421 -343.000000)
l (-37.499134 32.554192 -343.000000)
l (-36.436031 28.966576 -343.000000)
l (-35.244690 27.079399 -343.000000)
l (-34.097904 26.228409 -343.000000)
l (-33.168468 25.749367 -343.000000)
l (-29.895325 24.637886 -343.000000)
l (-23.128174 22.668274 -343.000000)
l (-14.496544 19.437881 -343.000000)
l (-10.716568 18.352242 -343.000000)
l (-9.142487 18.202393 -343.000000)
l (-7.848320 18.413803 -343.000000)
l (-5.852043 19.495049 -343.000000)
l (-4.385384 21.173607 -343.000000)
l (-3.410316 23.602882 -343.000000)
l (-2.888817 26.936264 -343.000000)
l (-3.318192 31.532066 -343.000000)
l (-4.895042 36.908913 -343.000000)
l (-7.130325 41.960693 -343.000000)
l (-9.535004 45.581253 -343.000000)
l (-11.139488 47.669571 -343.000000)
l (-12.281395 49.808441 -343.000000)
l (-13.484039 53.832230 -343.000000)
l (-13.756027 56.841415 -343.000000)
l (-13.710449 58.024750 -343.000000)
l (-13.710449 58.024750 -343.000000)
m (-13.710449 58.024750 -340.000000)
m (52.254120 72.273590 -340.000000)
m (52.254120 72.273590 -343.000000)
l (58.465408 71.368286 -343.000000)
l (61.146652 70.515411 -343.000000)
l (63.423538 69.219223 -343.000000)
l (65.205002 67.347336 -343.000000)
l (66.399979 64.767380 -343.000000)
l (66.917389 61.346985 -343.000000)
l (66.666199 56.953766 -343.000000)
l (65.610352 53.811798 -343.000000)
l (63.644699 51.875427 -343.000000)
l (61.036865 51.026978 -343.000000)
l (58.054474 51.148804 -343.000000)
l (54.965149 52.123215 -343.000000)
l (52.036514 53.832565 -343.000000)
l (49.536209 56.159195 -343.000000)
l (47.731842 58.985428 -343.000000)
l (45.636383 62.696320 -343.000000)
l (43.356445 65.266891 -343.000000)
l (41.005890 66.949951 -343.000000)
l (38.698578 67.998322 -343.000000)
l (34.669044 69.202148 -343.000000)
l (33.174522 69.863235 -343.000000)
l (32.178635 70.900848 -343.000000)
l (31.711143 72.335632 -343.000000)
l (31.704399 73.918152 -343.000000)
l (32.126144 75.496033 -343.000000)
l (32.944092 76.916962 -343.000000)
l (34.125984 78.028580 -343.000000)
l (35.639542 78.678558 -343.000000)
l (37.452507 78.714554 -343.000000)
l (39.532593 77.984207 -343.000000)
l (46.793594 74.026062 -343.000000)
l (49.515411 72.857361 -343.000000)
l (52.254120 72.273590 -343.000000)
l (52.254120 72.273590 -343.000000)
m (52.254120 72.273590 -340.000000)
m (12.950256 7.370834 -340.000000)
m (12.950256 7.370834 -343.000000)
l (13.189095 5.504936 -343.000000)
l (13.874626 3.795197 -343.000000)
l (14.960426 2.324974 -343.000000)
l (16.400047 1.177650 -343.000000)
l (18.078506 0.459084 -343.000000)
l (19.849838 0.219559 -343.000000)
l (21.621178 0.459084 -343.000000)
l (23.299637 1.177650 -343.000000)
l (24.739258 2.324974 -343.000000)
l (25.825058 3.795197 -343.000000)
l (26.510590 5.504936 -343.000000)
l (26.749428 7.370834 -343.000000)
l (26.510590 9.236725 -343.000000)
l (25.825058 10.946465 -343.000000)
l (24.739258 12.416687 -343.000000)
l (23.299637 13.564018 -343.000000)
l (21.621178 14.282585 -343.000000)
l (19.849838 14.522102 -343.000000)
l (18.078506 14.282585 -343.000000)
l (16.400047 13.564018 -343.000000)
l (14.960426 12.416687 -343.000000)
l (13.874626 10.946465 -343.000000)
l (13.189095 9.236725 -343.000000)
l (12.950256 7.370834 -343.000000)
m (12.950256 7.370834 -340.000000)
m (23.292084 13.579124 -340.000000)
m (23.292084 13.579124 -343.000000)
l (22.140594 13.994476 -343.000000)
l (20.069519 10.905418 -343.000000)
l (19.201767 7.441505 -343.000000)
l (19.481262 3.847786 -343.000000)
l (20.851929 0.369324 -343.000000)
l (22.027580 0.638344 -343.000000)
m (22.027580 0.638344 -340.000000)
m (54.832230 28.455597 -340.000000)
m (54.832230 28.455597 -343.000000)
l (55.037048 26.879631 -343.000000)
l (55.624954 25.435562 -343.000000)
l (56.556122 24.193787 -343.000000)
l (57.790710 23.224739 -343.000000)
l (59.230133 22.617828 -343.000000)
l (60.749207 22.415520 -343.000000)
l (62.268280 22.617828 -343.000000)
l (63.707703 23.224739 -343.000000)
l (64.942307 24.193787 -343.000000)
l (65.873474 25.435562 -343.000000)
l (66.461380 26.879631 -343.000000)
l (66.666199 28.455597 -343.000000)
l (66.461380 30.031555 -343.000000)
l (65.873474 31.475632 -343.000000)
l (64.942307 32.717407 -343.000000)
l (63.707703 33.686455 -343.000000)
l (62.268280 34.293365 -343.000000)
l (60.749207 34.495674 -343.000000)
l (59.230133 34.293365 -343.000000)
l (57.790710 33.686455 -343.000000)
l (56.556122 32.717407 -343.000000)
l (55.624954 31.475632 -343.000000)
l (55.037048 30.031555 -343.000000)
l (54.832230 28.455597 -343.000000)
m (54.832230 28.455597 -340.000000)
m (61.414871 34.454491 -340.000000)
m (61.414871 34.454491 -343.000000)
l (60.461792 34.423035 -343.000000)
l (59.697464 31.619781 -343.000000)
l (59.518509 28.318504 -343.000000)
l (59.872086 25.080795 -343.000000)
l (60.705399 22.468262 -343.000000)
l (61.752487 22.434357 -343.000000)
m (61.752487 22.434357 -340.000000)
m (69.721924 11.106277 -340.000000)
m (69.721924 11.106277 -343.000000)
l (70.452072 7.565155 -343.000000)
l (70.469574 4.419067 -343.000000)
l (69.758820 1.320778 -343.000000)
l (68.304276 -2.076935 -343.000000)
l (67.179550 -3.573349 -343.000000)
l (65.698807 -4.499969 -343.000000)
l (62.040161 -5.247040 -343.000000)
l (58.070129 -5.524574 -343.000000)
l (56.200150 -5.864273 -343.000000)
l (54.530487 -6.538994 -343.000000)
l (51.690643 -8.971123 -343.000000)
l (49.052078 -12.024414 -343.000000)
l (46.204681 -14.689262 -343.000000)
l (44.574509 -15.560532 -343.000000)
l (42.738327 -15.956093 -343.000000)
l (40.941544 -15.896881 -343.000000)
l (39.438324 -15.497948 -343.000000)
l (38.190536 -14.774277 -343.000000)
l (37.160072 -13.740837 -343.000000)
l (35.598602 -10.804535 -343.000000)
l (34.448952 -6.808861 -343.000000)
l (34.220055 -4.227417 -343.000000)
l (34.569275 -1.104797 -343.000000)
l (35.482361 2.354614 -343.000000)
l (36.945068 5.946411 -343.000000)
l (38.943146 9.466217 -343.000000)
l (41.462341 12.709618 -343.000000)
l (44.488419 15.472237 -343.000000)
l (48.007095 17.549675 -343.000000)
l (51.761581 18.760391 -343.000000)
l (55.429962 19.141701 -343.000000)
l (58.906677 18.820274 -343.000000)
l (62.086227 17.922813 -343.000000)
l (64.863068 16.575996 -343.000000)
l (67.131638 14.906509 -343.000000)
l (68.786438 13.041046 -343.000000)
l (69.721924 11.106277 -343.000000)
l (69.721924 11.106277 -343.000000)
m (69.721924 11.106277 -340.000000)
m (41.881973 -1.458328 -340.000000)
m (41.881973 -1.458328 -343.000000)
l (42.365662 -4.133629 -343.000000)
l (43.687134 -6.092079 -343.000000)
l (45.492279 -6.808929 -343.000000)
l (47.297440 -6.092079 -343.000000)
l (48.618912 -4.133629 -343.000000)
l (49.102600 -1.458328 -343.000000)
l (48.618912 1.216972 -343.000000)
l (47.297440 3.175430 -343.000000)
l (45.492279 3.892273 -343.000000)
l (43.687134 3.175430 -343.000000)
l (42.365662 1.216972 -343.000000)
l (41.881973 -1.458328 -343.000000)
m (41.881973 -1.458328 -340.000000)
m (59.977966 4.044525 -340.000000)
m (59.977966 4.044525 -343.000000)
l (62.171906 3.427475 -343.000000)
l (64.236740 4.081390 -343.000000)
l (65.619217 5.831062 -343.000000)
l (65.948883 8.207649 -343.000000)
l (65.137421 10.574364 -343.000000)
l (63.402267 12.297035 -343.000000)
l (61.208328 12.914085 -343.000000)
l (59.143494 12.260170 -343.000000)
l (57.761017 10.510506 -343.000000)
l (57.431335 8.133911 -343.000000)
l (58.242798 5.767197 -343.000000)
l (59.977966 4.044525 -343.000000)
m (59.977966 4.044525 -340.000000)
m (26.261650 -14.593666 -340.000000)
m (26.261650 -14.593666 -343.000000)
l (23.806366 -16.556694 -343.000000)
l (22.024666 -19.425728 -343.000000)
l (21.304855 -22.871315 -343.000000)
l (21.464500 -24.707359 -343.000000)
l (22.035233 -26.563999 -343.000000)
m (22.035233 -26.563999 -340.000000)
m (21.697121 -19.645363 -340.000000)
m (21.697121 -19.645363 -343.000000)
l (23.561157 -21.021057 -343.000000)
l (25.550751 -22.041237 -343.000000)
l (29.782784 -23.152725 -343.000000)
l (34.145569 -23.255257 -343.000000)
l (38.391464 -22.624222 -343.000000)
l (42.272842 -21.535034 -343.000000)
l (45.542038 -20.263100 -343.000000)
l (49.253357 -18.272621 -343.000000)
l (52.679276 -14.738495 -343.000000)
l (54.847076 -12.669228 -343.000000)
l (57.213531 -11.058311 -343.000000)
l (59.814240 -10.376244 -343.000000)
l (62.677902 -10.214966 -343.000000)
l (65.715759 -9.751488 -343.000000)
l (68.839020 -8.162819 -343.000000)
l (70.549896 -6.269073 -343.000000)
l (71.791550 -3.865631 -343.000000)
l (73.135559 1.065872 -343.000000)
l (73.038025 1.635521 -343.000000)
l (72.664383 1.934250 -343.000000)
l (72.070847 2.068405 -343.000000)
m (72.070847 2.068405 -340.000000)
m (69.325806 0.094757 -340.000000)
m (69.325806 0.094757 -343.000000)
l (69.848801 1.337227 -343.000000)
l (71.168106 1.957397 -343.000000)
l (72.831696 1.960388 -343.000000)
l (74.321503 1.050262 -343.000000)
l (75.119492 -1.068909 -343.000000)
m (75.119492 -1.068909 -340.000000)
m (30.082672 -47.926857 -340.000000)
m (30.082672 -47.926857 -343.000000)
l (31.007309 -47.399361 -343.000000)
l (32.801453 -50.597416 -343.000000)
l (34.714485 -55.611263 -343.000000)
l (35.656189 -58.731342 -343.000000)
l (37.306686 -62.171913 -343.000000)
l (39.351654 -65.077652 -343.000000)
l (41.476746 -66.593216 -343.000000)
l (42.454437 -66.616653 -343.000000)
l (43.331421 -66.235268 -343.000000)
l (44.809280 -64.760033 -343.000000)
l (45.962219 -63.171547 -343.000000)
l (46.842178 -62.473843 -343.000000)
l (47.405106 -63.079769 -343.000000)
l (47.825745 -64.304810 -343.000000)
l (48.484192 -65.506927 -343.000000)
l (49.760529 -66.044121 -343.000000)
l (51.389603 -65.280594 -343.000000)
l (53.084290 -63.216904 -343.000000)
l (54.775101 -60.167786 -343.000000)
l (56.392563 -56.447987 -343.000000)
l (59.129425 -48.255276 -343.000000)
l (60.738953 -41.156673 -343.000000)
l (61.375366 -34.459778 -343.000000)
l (61.629868 -27.158348 -343.000000)
l (61.391266 -18.930504 -343.000000)
l (60.076309 -19.784698 -343.000000)
m (60.076309 -19.784698 -340.000000)
m (37.694107 -62.763260 -340.000000)
m (37.694107 -62.763260 -343.000000)
l (37.102631 -61.710110 -343.000000)
l (42.354004 -58.958588 -343.000000)
l (46.605835 -57.610622 -343.000000)
l (50.718719 -57.491455 -343.000000)
l (55.553253 -58.426308 -343.000000)
l (55.120163 -59.443623 -343.000000)
m (55.120163 -59.443623 -340.000000)
m (-65.069717 -1.807777 -340.000000)
m (-65.069717 -1.807777 -343.000000)
l (-66.080566 -4.538818 -343.000000)
l (-68.150581 -8.373878 -343.000000)
l (-69.468086 -9.547112 -343.000000)
l (-71.120071 -9.979034 -343.000000)
l (-73.226868 -9.180199 -343.000000)
l (-74.999451 -7.137367 -343.000000)
l (-76.020409 -4.381058 -343.000000)
l (-75.872353 -1.441780 -343.000000)
l (-74.841660 1.030174 -343.000000)
l (-73.525185 2.571815 -343.000000)
l (-71.971283 2.933556 -343.000000)
l (-70.228294 1.865791 -343.000000)
l (-69.597260 0.738449 -343.000000)
l (-69.471130 -0.685959 -343.000000)
l (-70.406761 -3.874397 -343.000000)
l (-72.381569 -6.596413 -343.000000)
l (-73.554413 -7.437782 -343.000000)
l (-74.741943 -7.748878 -343.000000)
l (-75.966080 -7.390732 -343.000000)
l (-77.337784 -6.406830 -343.000000)
l (-78.612350 -4.932983 -343.000000)
l (-79.545090 -3.105026 -343.000000)
l (-80.273827 -0.544731 -343.000000)
l (-80.581276 2.350647 -343.000000)
l (-80.311752 3.929520 -343.000000)
l (-79.679855 5.107368 -343.000000)
l (-78.696617 5.726105 -343.000000)
l (-77.373024 5.627625 -343.000000)
l (-76.207100 4.773483 -343.000000)
l (-75.731400 3.441154 -343.000000)
l (-75.848854 1.891647 -343.000000)
l (-76.462372 0.386002 -343.000000)
l (-78.037025 -1.181480 -343.000000)
l (-79.667267 -1.737389 -343.000000)
l (-81.051117 -1.047958 -343.000000)
l (-82.064903 0.768242 -343.000000)
l (-82.688179 3.333038 -343.000000)
l (-82.900482 6.268272 -343.000000)
l (-82.900482 6.268272 -340.000000)
l (0.000000 0.000000 -340.000000)
