(0.000000 0.000000 -340.000000)
(-0.785596 0.618740 -340.000000)
(-1.571191 1.237480 -340.000000)
(-2.356787 1.856221 -340.000000)
(-3.142383 2.474961 -340.000000)
(-3.927979 3.093701 -340.000000)
(-4.713574 3.712441 -340.000000)
(-5.499170 4.331181 -340.000000)
(-6.284766 4.949921 -340.000000)
(-7.070361 5.568661 -340.000000)
(-7.855957 6.187402 -340.000000)
(-8.641553 6.806142 -340.000000)
(-9.427149 7.424882 -340.000000)
(-10.212745 8.043622 -340.000000)
(-10.998340 8.662362 -340.000000)
(-11.783936 9.281102 -340.000000)
(-12.569531 9.899842 -340.000000)
(-13.355126 10.518582 -340.000000)
(-14.140722 11.137322 -340.000000)
(-14.926318 11.756063 -340.000000)
(-15.711914 12.374804 -340.000000)
(-16.497509 12.993544 -340.000000)
(-17.283106 13.612284 -340.000000)
(-18.068701 14.231024 -340.000000)
(-18.854298 14.849765 -340.000000)
(-19.639894 15.468506 -340.000000)
(-20.425491 16.087246 -340.000000)
(-21.211088 16.705988 -340.000000)
(-21.996683 17.324728 -340.000000)
(-22.782280 17.943470 -340.000000)
(-23.567877 18.562210 -340.000000)
(-24.353474 19.180952 -340.000000)
(-25.139071 19.799692 -340.000000)
(-25.924667 20.418432 -340.000000)
(-26.710264 21.037174 -340.000000)
(-27.495861 21.655914 -340.000000)
(-28.281458 22.274656 -340.000000)
(-29.067055 22.893396 -340.000000)
(-29.852652 23.512138 -340.000000)
(-30.638248 24.130878 -340.000000)
(-31.423845 24.749620 -340.000000)
(-32.209442 25.368361 -340.000000)
(-32.995037 25.987103 -340.000000)
(-33.780636 26.605843 -340.000000)
(-34.566231 27.224585 -340.000000)
(-35.351830 27.843325 -340.000000)
(-36.065666 28.405548 -340.000000)
(-36.065666 28.405548 -341.000000)
(-36.065666 28.405548 -342.000000)
(-36.065666 28.405548 -343.000000)
(-36.553444 29.278517 -343.000000)
(-36.581635 29.328972 -343.000000)
(-36.974380 30.248619 -343.000000)
(-36.991058 30.287674 -343.000000)
(-37.903751 29.879025 -343.000000)
(-38.816441 29.470377 -343.000000)
(-39.729134 29.061728 -343.000000)
(-40.641827 28.653080 -343.000000)
(-41.554516 28.244431 -343.000000)
(-42.467209 27.835781 -343.000000)
(-43.379902 27.427134 -343.000000)
(-43.625191 27.317307 -343.000000)
(-44.453335 26.756790 -343.000000)
(-45.281479 26.196274 -343.000000)
(-46.109623 25.635759 -343.000000)
(-46.937767 25.075243 -343.000000)
(-47.765907 24.514727 -343.000000)
(-48.594055 23.954212 -343.000000)
(-49.422195 23.393696 -343.000000)
(-49.545689 23.310112 -343.000000)
(-50.266201 22.616671 -343.000000)
(-50.986717 21.923229 -343.000000)
(-51.707230 21.229790 -343.000000)
(-52.427742 20.536348 -343.000000)
(-53.148254 19.842907 -343.000000)
(-53.868771 19.149466 -343.000000)
(-54.589283 18.456024 -343.000000)
(-54.692829 18.356369 -343.000000)
(-55.288979 17.553497 -343.000000)
(-55.885132 16.750624 -343.000000)
(-56.481281 15.947752 -343.000000)
(-57.077435 15.144880 -343.000000)
(-57.673584 14.342008 -343.000000)
(-58.269737 13.539135 -343.000000)
(-58.865887 12.736263 -343.000000)
(-59.006897 12.546356 -343.000000)
(-59.468437 11.659237 -343.000000)
(-59.929977 10.772118 -343.000000)
(-60.391518 9.884997 -343.000000)
(-60.853058 8.997878 -343.000000)
(-61.314594 8.110759 -343.000000)
(-61.776134 7.223639 -343.000000)
(-62.237675 6.336520 -343.000000)
(-62.428185 5.970345 -343.000000)
(-62.750462 5.023699 -343.000000)
(-63.072735 4.077053 -343.000000)
(-63.395012 3.130407 -343.000000)
(-63.717285 2.183761 -343.000000)
(-64.039558 1.237115 -343.000000)
(-64.361839 0.290470 -343.000000)
(-64.684113 -0.656177 -343.000000)
(-64.896957 -1.281387 -343.000000)
(-65.079681 -2.264551 -343.000000)
(-65.262405 -3.247715 -343.000000)
(-65.445129 -4.230879 -343.000000)
(-65.627853 -5.214044 -343.000000)
(-65.810577 -6.197207 -343.000000)
(-65.993301 -7.180372 -343.000000)
(-66.176025 -8.163536 -343.000000)
(-66.353523 -9.118561 -343.000000)
(-66.399635 -10.117497 -343.000000)
(-66.445747 -11.116433 -343.000000)
(-66.491859 -12.115370 -343.000000)
(-66.537971 -13.114305 -343.000000)
(-66.584084 -14.113241 -343.000000)
(-66.630196 -15.112178 -343.000000)
(-66.676308 -16.111115 -343.000000)
(-66.722420 -17.110050 -343.000000)
(-66.738152 -17.450897 -343.000000)
(-66.673508 -18.448805 -343.000000)
(-66.608856 -19.446714 -343.000000)
(-66.544212 -20.444622 -343.000000)
(-66.479561 -21.442530 -343.000000)
(-66.435349 -22.125038 -343.000000)
(-66.285545 -23.113754 -343.000000)
(-66.135742 -24.102470 -343.000000)
(-65.985931 -25.091185 -343.000000)
(-65.836128 -26.079901 -343.000000)
(-65.751198 -26.640453 -343.000000)
(-65.488777 -27.605406 -343.000000)
(-65.226349 -28.570358 -343.000000)
(-64.963928 -29.535313 -343.000000)
(-64.701500 -30.500263 -343.000000)
(-64.439079 -31.465218 -343.000000)
(-64.176651 -32.430168 -343.000000)
(-63.914230 -33.395123 -343.000000)
(-63.651806 -34.360077 -343.000000)
(-63.443192 -35.127171 -343.000000)
(-63.055122 -36.048801 -343.000000)
(-62.667057 -36.970432 -343.000000)
(-62.278988 -37.892063 -343.000000)
(-61.890919 -38.813694 -343.000000)
(-61.502853 -39.735325 -343.000000)
(-61.114784 -40.656956 -343.000000)
(-60.726715 -41.578587 -343.000000)
(-60.338650 -42.500217 -343.000000)
(-60.222870 -42.775181 -343.000000)
(-59.735584 -43.648426 -343.000000)
(-59.248302 -44.521667 -343.000000)
(-58.761017 -45.394913 -343.000000)
(-58.273735 -46.268154 -343.000000)
(-57.786449 -47.141399 -343.000000)
(-57.299164 -48.014641 -343.000000)
(-56.811882 -48.887886 -343.000000)
(-56.498978 -49.448627 -343.000000)
(-55.933037 -50.273075 -343.000000)
(-55.367096 -51.097519 -343.000000)
(-54.801155 -51.921967 -343.000000)
(-54.235218 -52.746410 -343.000000)
(-53.669277 -53.570858 -343.000000)
(-53.103336 -54.395306 -343.000000)
(-52.680248 -55.011646 -343.000000)
(-52.049927 -55.787979 -343.000000)
(-51.419605 -56.564316 -343.000000)
(-50.789284 -57.340649 -343.000000)
(-50.158962 -58.116985 -343.000000)
(-49.528645 -58.893318 -343.000000)
(-49.175411 -59.328377 -343.000000)
(-48.461746 -60.028862 -343.000000)
(-47.748077 -60.729347 -343.000000)
(-47.034412 -61.429832 -343.000000)
(-46.320744 -62.130318 -343.000000)
(-45.607079 -62.830803 -343.000000)
(-44.893410 -63.531288 -343.000000)
(-44.742382 -63.679527 -343.000000)
(-43.897144 -64.213921 -343.000000)
(-43.051907 -64.748306 -343.000000)
(-42.206673 -65.282700 -343.000000)
(-41.876537 -65.491425 -343.000000)
(-40.908806 -65.743408 -343.000000)
(-40.710464 -65.795052 -343.000000)
(-39.721840 -65.644661 -343.000000)
(-39.339642 -65.586517 -343.000000)
(-38.567802 -64.950699 -343.000000)
(-38.394478 -64.807922 -343.000000)
(-37.954853 -63.909740 -343.000000)
(-37.777905 -63.548222 -343.000000)
(-37.404686 -62.620480 -343.000000)
(-37.280350 -62.311401 -343.000000)
(-36.692230 -61.601456 -343.000000)
(-35.893826 -61.876053 -343.000000)
(-35.190479 -62.586903 -343.000000)
(-34.976940 -62.802719 -343.000000)
(-34.258278 -63.498081 -343.000000)
(-34.049335 -63.700249 -343.000000)
(-33.218765 -63.887421 -343.000000)
(-32.457920 -63.238491 -343.000000)
(-31.697071 -62.589558 -343.000000)
(-31.116852 -62.094685 -343.000000)
(-30.639423 -61.216015 -343.000000)
(-30.161995 -60.337345 -343.000000)
(-29.934238 -59.918175 -343.000000)
(-29.740997 -58.937023 -343.000000)
(-29.563225 -58.034409 -343.000000)
(-29.896118 -57.119907 -343.000000)
(-30.892672 -57.036957 -343.000000)
(-31.889225 -56.954010 -343.000000)
(-32.576439 -56.896809 -343.000000)
(-33.568043 -57.026112 -343.000000)
(-34.559650 -57.155415 -343.000000)
(-35.551254 -57.284718 -343.000000)
(-36.456512 -57.402760 -343.000000)
(-37.399418 -57.735821 -343.000000)
(-38.342323 -58.068882 -343.000000)
(-39.285229 -58.401943 -343.000000)
(-40.228134 -58.735008 -343.000000)
(-41.152573 -59.061546 -343.000000)
(-41.998322 -59.595127 -343.000000)
(-42.844070 -60.128708 -343.000000)
(-43.689819 -60.662289 -343.000000)
(-44.535568 -61.195869 -343.000000)
(-45.381317 -61.729454 -343.000000)
(-46.227066 -62.263035 -343.000000)
(-46.280838 -62.296959 -343.000000)
(-45.560913 -62.991009 -343.000000)
(-45.210430 -63.328896 -343.000000)
(-45.210430 -63.328896 -342.000000)
(-45.210430 -63.328896 -341.000000)
(-45.210430 -63.328896 -340.000000)
(-44.250942 -63.047146 -340.000000)
(-43.291454 -62.765400 -340.000000)
(-42.331966 -62.483650 -340.000000)
(-41.372475 -62.201904 -340.000000)
(-40.412987 -61.920155 -340.000000)
(-39.453499 -61.638409 -340.000000)
(-38.494011 -61.356659 -340.000000)
(-37.534523 -61.074913 -340.000000)
(-36.575035 -60.793163 -340.000000)
(-35.615547 -60.511417 -340.000000)
(-34.656059 -60.229668 -340.000000)
(-33.696571 -59.947922 -340.000000)
(-32.737083 -59.666176 -340.000000)
(-31.777594 -59.384426 -340.000000)
(-30.818106 -59.102676 -340.000000)
(-29.858616 -58.820930 -340.000000)
(-28.899130 -58.539185 -340.000000)
(-27.939640 -58.257435 -340.000000)
(-26.980152 -57.975689 -340.000000)
(-26.020664 -57.693939 -340.000000)
(-25.061176 -57.412193 -340.000000)
(-24.101688 -57.130444 -340.000000)
(-23.142199 -56.848694 -340.000000)
(-22.182709 -56.566948 -340.000000)
(-21.223221 -56.285198 -340.000000)
(-20.263731 -56.003452 -340.000000)
(-19.304241 -55.721703 -340.000000)
(-18.344751 -55.439957 -340.000000)
(-17.385263 -55.158207 -340.000000)
(-16.425774 -54.876457 -340.000000)
(-15.466284 -54.594711 -340.000000)
(-14.506794 -54.312962 -340.000000)
(-13.547304 -54.031216 -340.000000)
(-12.587814 -53.749466 -340.000000)
(-11.628326 -53.467720 -340.000000)
(-10.668839 -53.185970 -340.000000)
(-9.709347 -52.904221 -340.000000)
(-8.749859 -52.622475 -340.000000)
(-7.790367 -52.340725 -340.000000)
(-6.830879 -52.058979 -340.000000)
(-5.871391 -51.777229 -340.000000)
(-4.911900 -51.495483 -340.000000)
(-3.952412 -51.213734 -340.000000)
(-2.992920 -50.931984 -340.000000)
(-2.033432 -50.650238 -340.000000)
(-1.073944 -50.368488 -340.000000)
(-0.114452 -50.086739 -340.000000)
(0.845036 -49.804993 -340.000000)
(1.804527 -49.523247 -340.000000)
(2.764015 -49.241497 -340.000000)
(3.723503 -48.959747 -340.000000)
(4.682995 -48.678001 -340.000000)
(5.642483 -48.396252 -340.000000)
(6.601971 -48.114502 -340.000000)
(7.561462 -47.832756 -340.000000)
(8.520950 -47.551006 -340.000000)
(9.480442 -47.269257 -340.000000)
(10.439930 -46.987511 -340.000000)
(11.399418 -46.705765 -340.000000)
(12.358910 -46.424015 -340.000000)
(13.318398 -46.142265 -340.000000)
(14.277889 -45.860519 -340.000000)
(15.237377 -45.578773 -340.000000)
(16.196865 -45.297020 -340.000000)
(17.156357 -45.015274 -340.000000)
(18.115845 -44.733528 -340.000000)
(19.075336 -44.451778 -340.000000)
(20.034824 -44.170029 -340.000000)
(20.994312 -43.888283 -340.000000)
(21.953800 -43.606533 -340.000000)
(22.913296 -43.324783 -340.000000)
(23.872784 -43.043037 -340.000000)
(24.832272 -42.761292 -340.000000)
(25.791759 -42.479542 -340.000000)
(26.751247 -42.197792 -340.000000)
(27.710743 -41.916046 -340.000000)
(28.670231 -41.634296 -340.000000)
(29.629719 -41.352547 -340.000000)
(30.589207 -41.070801 -340.000000)
(31.548695 -40.789055 -340.000000)
(32.508183 -40.507305 -340.000000)
(33.467678 -40.225555 -340.000000)
(34.427166 -39.943810 -340.000000)
(35.386654 -39.662060 -340.000000)
(36.346142 -39.380310 -340.000000)
(37.305630 -39.098564 -340.000000)
(38.265125 -38.816818 -340.000000)
(38.834137 -38.649727 -340.000000)
(38.834137 -38.649727 -341.000000)
(38.834137 -38.649727 -342.000000)
(38.834137 -38.649727 -343.000000)
(38.221680 -39.440231 -343.000000)
(37.609222 -40.230732 -343.000000)
(36.996765 -41.021236 -343.000000)
(36.384308 -41.811741 -343.000000)
(35.771851 -42.602245 -343.000000)
(35.159389 -43.392746 -343.000000)
(34.546932 -44.183250 -343.000000)
(34.428513 -44.336098 -343.000000)
(33.682526 -45.002060 -343.000000)
(32.936539 -45.668022 -343.000000)
(32.190556 -46.333981 -343.000000)
(31.444569 -46.999943 -343.000000)
(31.012932 -47.385277 -343.000000)
(30.111408 -47.818008 -343.000000)
(29.209885 -48.250736 -343.000000)
(28.308361 -48.683468 -343.000000)
(27.519569 -49.062088 -343.000000)
(26.572302 -49.382534 -343.000000)
(25.625034 -49.702976 -343.000000)
(24.677769 -50.023422 -343.000000)
(23.730501 -50.343868 -343.000000)
(22.880615 -50.631371 -343.000000)
(22.880615 -50.631371 -342.000000)
(22.880615 -50.631371 -341.000000)
(22.880615 -50.631371 -340.000000)
(21.895462 -50.803047 -340.000000)
(20.910309 -50.974728 -340.000000)
(19.925156 -51.146404 -340.000000)
(18.940002 -51.318081 -340.000000)
(17.954849 -51.489761 -340.000000)
(16.969696 -51.661438 -340.000000)
(15.984544 -51.833115 -340.000000)
(14.999391 -52.004795 -340.000000)
(14.014237 -52.176472 -340.000000)
(13.029084 -52.348148 -340.000000)
(12.043931 -52.519829 -340.000000)
(11.058778 -52.691505 -340.000000)
(10.073625 -52.863182 -340.000000)
(9.088472 -53.034863 -340.000000)
(8.103319 -53.206539 -340.000000)
(7.118166 -53.378216 -340.000000)
(6.133013 -53.549896 -340.000000)
(5.147860 -53.721573 -340.000000)
(4.162706 -53.893250 -340.000000)
(3.177553 -54.064930 -340.000000)
(2.192400 -54.236607 -340.000000)
(1.207247 -54.408283 -340.000000)
(0.222094 -54.579964 -340.000000)
(-0.763060 -54.751640 -340.000000)
(-1.748213 -54.923317 -340.000000)
(-2.733366 -55.094997 -340.000000)
(-3.718517 -55.266674 -340.000000)
(-4.703671 -55.438351 -340.000000)
(-5.688824 -55.610031 -340.000000)
(-6.673977 -55.781708 -340.000000)
(-7.659130 -55.953384 -340.000000)
(-8.644283 -56.125061 -340.000000)
(-9.629436 -56.296741 -340.000000)
(-10.614590 -56.468418 -340.000000)
(-11.158272 -56.563164 -340.000000)
(-11.158272 -56.563164 -341.000000)
(-11.158272 -56.563164 -342.000000)
(-11.158272 -56.563164 -343.000000)
(-12.130999 -56.795116 -343.000000)
(-13.103726 -57.027069 -343.000000)
(-13.742798 -57.179459 -343.000000)
(-14.737095 -57.286106 -343.000000)
(-15.731391 -57.392757 -343.000000)
(-16.725689 -57.499405 -343.000000)
(-17.719984 -57.606052 -343.000000)
(-18.714281 -57.712700 -343.000000)
(-18.719528 -57.713264 -343.000000)
(-19.719398 -57.729401 -343.000000)
(-20.719267 -57.745537 -343.000000)
(-21.719137 -57.761673 -343.000000)
(-22.719007 -57.777809 -343.000000)
(-23.717857 -57.793930 -343.000000)
(-24.713089 -57.696384 -343.000000)
(-25.708319 -57.598835 -343.000000)
(-26.703550 -57.501289 -343.000000)
(-27.698780 -57.403744 -343.000000)
(-28.622223 -57.313232 -343.000000)
(-29.593496 -57.075264 -343.000000)
(-30.564768 -56.837296 -343.000000)
(-31.536041 -56.599327 -343.000000)
(-32.507313 -56.361359 -343.000000)
(-33.317062 -56.162964 -343.000000)
(-34.231964 -55.759285 -343.000000)
(-35.146862 -55.355602 -343.000000)
(-36.061764 -54.951923 -343.000000)
(-36.976662 -54.548241 -343.000000)
(-37.686810 -54.234905 -343.000000)
(-38.499802 -53.652630 -343.000000)
(-39.312794 -53.070354 -343.000000)
(-40.125786 -52.488079 -343.000000)
(-40.938778 -51.905807 -343.000000)
(-41.615891 -51.420849 -343.000000)
(-42.278904 -50.672241 -343.000000)
(-42.941917 -49.923634 -343.000000)
(-43.604931 -49.175026 -343.000000)
(-44.267944 -48.426422 -343.000000)
(-44.930962 -47.677814 -343.000000)
(-44.988739 -47.612576 -343.000000)
(-45.470680 -46.736374 -343.000000)
(-45.952621 -45.860168 -343.000000)
(-46.434563 -44.983967 -343.000000)
(-46.916508 -44.107761 -343.000000)
(-47.398449 -43.231560 -343.000000)
(-47.689793 -42.701874 -343.000000)
(-47.689793 -42.701874 -342.000000)
(-47.689793 -42.701874 -341.000000)
(-47.689793 -42.701874 -340.000000)
(-46.705650 -42.879261 -340.000000)
(-45.721512 -43.056652 -340.000000)
(-44.737370 -43.234039 -340.000000)
(-43.753227 -43.411427 -340.000000)
(-42.769089 -43.588818 -340.000000)
(-41.784946 -43.766205 -340.000000)
(-40.800804 -43.943592 -340.000000)
(-39.816666 -44.120983 -340.000000)
(-38.832523 -44.298370 -340.000000)
(-37.848381 -44.475761 -340.000000)
(-36.864243 -44.653149 -340.000000)
(-35.880104 -44.830536 -340.000000)
(-34.895962 -45.007927 -340.000000)
(-33.911819 -45.185314 -340.000000)
(-32.927681 -45.362701 -340.000000)
(-31.943539 -45.540092 -340.000000)
(-30.959398 -45.717480 -340.000000)
(-29.975258 -45.894867 -340.000000)
(-28.991116 -46.072258 -340.000000)
(-28.006973 -46.249645 -340.000000)
(-27.022833 -46.427032 -340.000000)
(-26.038691 -46.604424 -340.000000)
(-25.054548 -46.781811 -340.000000)
(-24.070408 -46.959198 -340.000000)
(-23.086266 -47.136589 -340.000000)
(-22.102123 -47.313976 -340.000000)
(-21.117983 -47.491367 -340.000000)
(-20.133841 -47.668755 -340.000000)
(-19.149698 -47.846142 -340.000000)
(-18.165558 -48.023533 -340.000000)
(-17.181416 -48.200920 -340.000000)
(-16.197275 -48.378311 -340.000000)
(-15.213131 -48.555698 -340.000000)
(-15.160942 -48.565105 -340.000000)
(-15.160942 -48.565105 -341.000000)
(-15.160942 -48.565105 -342.000000)
(-15.160942 -48.565105 -343.000000)
(-14.812444 -49.502415 -343.000000)
(-14.463944 -50.439724 -343.000000)
(-14.115446 -51.377033 -343.000000)
(-13.766947 -52.314342 -343.000000)
(-13.418448 -53.251652 -343.000000)
(-13.069950 -54.188961 -343.000000)
(-12.721451 -55.126270 -343.000000)
(-12.372952 -56.063580 -343.000000)
(-12.288292 -56.291279 -343.000000)
(-11.815593 -57.172504 -343.000000)
(-11.342894 -58.053726 -343.000000)
(-10.870194 -58.934952 -343.000000)
(-10.397495 -59.816174 -343.000000)
(-9.924796 -60.697395 -343.000000)
(-9.452097 -61.578621 -343.000000)
(-8.979398 -62.459846 -343.000000)
(-8.506699 -63.341068 -343.000000)
(-8.033998 -64.222290 -343.000000)
(-8.008316 -64.270172 -343.000000)
(-7.437972 -65.091576 -343.000000)
(-6.867627 -65.912987 -343.000000)
(-6.297283 -66.734390 -343.000000)
(-5.726938 -67.555794 -343.000000)
(-5.156594 -68.377197 -343.000000)
(-4.586249 -69.198608 -343.000000)
(-4.015905 -70.020012 -343.000000)
(-3.445560 -70.841415 -343.000000)
(-3.314667 -71.029930 -343.000000)
(-2.649911 -71.776993 -343.000000)
(-1.985155 -72.524048 -343.000000)
(-1.320399 -73.271111 -343.000000)
(-1.123238 -73.492683 -343.000000)
(-0.355838 -74.133850 -343.000000)
(0.411563 -74.775017 -343.000000)
(0.798988 -75.098717 -343.000000)
(1.688761 -75.555122 -343.000000)
(2.574707 -76.009560 -343.000000)
(3.554906 -76.207573 -343.000000)
(3.958725 -76.289154 -343.000000)
(4.941478 -76.104233 -343.000000)
(5.027275 -76.088089 -343.000000)
(5.856598 -75.556908 -343.000000)
(6.508199 -74.798347 -343.000000)
(7.102478 -74.106514 -343.000000)
(7.883038 -73.481430 -343.000000)
(8.306252 -73.142517 -343.000000)
(9.274554 -73.392296 -343.000000)
(9.581581 -73.471497 -343.000000)
(10.274767 -74.192253 -343.000000)
(10.615044 -74.546066 -343.000000)
(11.417336 -75.142998 -343.000000)
(11.814789 -75.438713 -343.000000)
(12.604553 -75.526978 -343.000000)
(13.559749 -75.231003 -343.000000)
(13.588951 -75.221954 -343.000000)
(14.348289 -74.571259 -343.000000)
(15.107627 -73.920563 -343.000000)
(15.343712 -73.718254 -343.000000)
(15.900896 -72.887863 -343.000000)
(16.458080 -72.057480 -343.000000)
(17.015265 -71.227089 -343.000000)
(17.129822 -71.056358 -343.000000)
(17.564455 -70.155754 -343.000000)
(17.999090 -69.255142 -343.000000)
(18.433723 -68.354538 -343.000000)
(18.849846 -67.492287 -343.000000)
(19.196602 -66.554329 -343.000000)
(19.543358 -65.616379 -343.000000)
(19.890114 -64.678421 -343.000000)
(20.236870 -63.740467 -343.000000)
(20.406342 -63.282055 -343.000000)
(20.677416 -62.319496 -343.000000)
(20.948490 -61.356937 -343.000000)
(21.219564 -60.394379 -343.000000)
(21.490637 -59.431820 -343.000000)
(21.701889 -58.681686 -343.000000)
(21.896065 -57.700718 -343.000000)
(22.090239 -56.719753 -343.000000)
(22.284414 -55.738785 -343.000000)
(22.478590 -54.757820 -343.000000)
(22.639046 -53.947197 -343.000000)
(22.742834 -52.952599 -343.000000)
(22.846622 -51.957996 -343.000000)
(22.950411 -50.963398 -343.000000)
(23.054197 -49.968800 -343.000000)
(23.120377 -49.334614 -343.000000)
(23.103394 -48.334759 -343.000000)
(23.086409 -47.334904 -343.000000)
(23.069426 -46.335045 -343.000000)
(23.052443 -45.335190 -343.000000)
(23.048447 -45.099953 -343.000000)
(23.048447 -45.099953 -342.000000)
(23.048447 -45.099953 -341.000000)
(23.048447 -45.099953 -340.000000)
(22.387426 -45.850323 -340.000000)
(21.726408 -46.600689 -340.000000)
(21.065388 -47.351059 -340.000000)
(20.404369 -48.101429 -340.000000)
(19.743349 -48.851795 -340.000000)
(19.082329 -49.602165 -340.000000)
(18.421310 -50.352535 -340.000000)
(17.760292 -51.102901 -340.000000)
(17.099272 -51.853271 -340.000000)
(16.438251 -52.603642 -340.000000)
(15.777233 -53.354008 -340.000000)
(15.116213 -54.104378 -340.000000)
(14.455194 -54.854748 -340.000000)
(13.794173 -55.605118 -340.000000)
(13.133154 -56.355484 -340.000000)
(12.472134 -57.105854 -340.000000)
(11.811114 -57.856224 -340.000000)
(11.150095 -58.606590 -340.000000)
(10.489076 -59.356960 -340.000000)
(9.828056 -60.107330 -340.000000)
(9.167038 -60.857697 -340.000000)
(8.506019 -61.608063 -340.000000)
(7.844999 -62.358433 -340.000000)
(7.183981 -63.108803 -340.000000)
(6.522961 -63.859169 -340.000000)
(5.861942 -64.609543 -340.000000)
(5.200924 -65.359909 -340.000000)
(4.539906 -66.110275 -340.000000)
(3.878885 -66.860641 -340.000000)
(3.217867 -67.611008 -340.000000)
(2.556849 -68.361382 -340.000000)
(1.895828 -69.111748 -340.000000)
(1.234810 -69.862114 -340.000000)
(0.573792 -70.612488 -340.000000)
(-0.087229 -71.362854 -340.000000)
(-0.748247 -72.113220 -340.000000)
(-1.409266 -72.863586 -340.000000)
(-1.614159 -73.096176 -340.000000)
(-1.614159 -73.096176 -341.000000)
(-1.614159 -73.096176 -342.000000)
(-1.614159 -73.096176 -343.000000)
(-2.166826 -72.262772 -343.000000)
(-2.171684 -72.255447 -343.000000)
(-1.387134 -71.635384 -343.000000)
(-0.602584 -71.015320 -343.000000)
(-0.153404 -70.660309 -343.000000)
(0.763498 -70.261200 -343.000000)
(1.680401 -69.862083 -343.000000)
(2.548332 -69.484291 -343.000000)
(3.518200 -69.240662 -343.000000)
(4.488068 -68.997025 -343.000000)
(5.457935 -68.753395 -343.000000)
(5.658699 -68.702965 -343.000000)
(6.650767 -68.577263 -343.000000)
(7.642835 -68.451561 -343.000000)
(8.634903 -68.325859 -343.000000)
(8.902893 -68.291901 -343.000000)
(9.902350 -68.324852 -343.000000)
(10.901807 -68.357803 -343.000000)
(11.901264 -68.390755 -343.000000)
(12.900721 -68.423706 -343.000000)
(13.900178 -68.456657 -343.000000)
(14.693535 -68.482811 -343.000000)
(15.657248 -68.749756 -343.000000)
(16.620960 -69.016693 -343.000000)
(16.690361 -69.035919 -343.000000)
(17.471050 -69.660843 -343.000000)
(17.721779 -69.861542 -343.000000)
(17.306488 -70.771233 -343.000000)
(17.280510 -70.828133 -343.000000)
(17.280510 -70.828133 -342.000000)
(17.280510 -70.828133 -341.000000)
(17.280510 -70.828133 -340.000000)
(17.622017 -69.888252 -340.000000)
(17.963524 -68.948372 -340.000000)
(18.305029 -68.008492 -340.000000)
(18.646536 -67.068619 -340.000000)
(18.988043 -66.128738 -340.000000)
(19.329548 -65.188858 -340.000000)
(19.671055 -64.248978 -340.000000)
(20.012562 -63.309097 -340.000000)
(20.354069 -62.369217 -340.000000)
(20.695576 -61.429340 -340.000000)
(21.037081 -60.489460 -340.000000)
(21.378588 -59.549580 -340.000000)
(21.720095 -58.609699 -340.000000)
(22.061602 -57.669823 -340.000000)
(22.403107 -56.729942 -340.000000)
(22.744614 -55.790062 -340.000000)
(23.086121 -54.850182 -340.000000)
(23.427628 -53.910301 -340.000000)
(23.769135 -52.970421 -340.000000)
(24.110641 -52.030540 -340.000000)
(24.452148 -51.090660 -340.000000)
(24.793653 -50.150784 -340.000000)
(25.135160 -49.210903 -340.000000)
(25.476667 -48.271023 -340.000000)
(25.818174 -47.331146 -340.000000)
(26.159679 -46.391266 -340.000000)
(26.501186 -45.451385 -340.000000)
(26.842693 -44.511505 -340.000000)
(27.184200 -43.571625 -340.000000)
(27.525707 -42.631744 -340.000000)
(27.867214 -41.691864 -340.000000)
(28.208721 -40.751984 -340.000000)
(28.550226 -39.812107 -340.000000)
(28.891731 -38.872231 -340.000000)
(29.233238 -37.932354 -340.000000)
(29.574745 -36.992474 -340.000000)
(29.916250 -36.052597 -340.000000)
(30.257755 -35.112717 -340.000000)
(30.599262 -34.172840 -340.000000)
(30.940769 -33.232964 -340.000000)
(31.282274 -32.293083 -340.000000)
(31.623779 -31.353207 -340.000000)
(31.965286 -30.413330 -340.000000)
(32.306793 -29.473450 -340.000000)
(32.648296 -28.533573 -340.000000)
(32.989803 -27.593697 -340.000000)
(33.331310 -26.653816 -340.000000)
(33.672813 -25.713940 -340.000000)
(34.014320 -24.774063 -340.000000)
(34.355827 -23.834183 -340.000000)
(34.697334 -22.894306 -340.000000)
(35.038841 -21.954430 -340.000000)
(35.380348 -21.014549 -340.000000)
(35.721851 -20.074673 -340.000000)
(36.063354 -19.134796 -340.000000)
(36.404861 -18.194916 -340.000000)
(36.746368 -17.255039 -340.000000)
(37.087875 -16.315163 -340.000000)
(37.429382 -15.375282 -340.000000)
(37.770889 -14.435406 -340.000000)
(38.112392 -13.495525 -340.000000)
(38.453899 -12.555649 -340.000000)
(38.795403 -11.615772 -340.000000)
(39.136909 -10.675892 -340.000000)
(39.478416 -9.736012 -340.000000)
(39.819923 -8.796135 -340.000000)
(40.161430 -7.856255 -340.000000)
(40.502937 -6.916378 -340.000000)
(40.844444 -5.976501 -340.000000)
(41.185947 -5.036621 -340.000000)
(41.527454 -4.096748 -340.000000)
(41.868958 -3.156868 -340.000000)
(42.210464 -2.216988 -340.000000)
(42.551971 -1.277107 -340.000000)
(42.893478 -0.337234 -340.000000)
(43.234985 0.602646 -340.000000)
(43.576492 1.542526 -340.000000)
(43.917995 2.482399 -340.000000)
(44.259502 3.422279 -340.000000)
(44.601006 4.362160 -340.000000)
(44.942513 5.302032 -340.000000)
(45.284019 6.241913 -340.000000)
(45.625526 7.181793 -340.000000)
(45.967033 8.121666 -340.000000)
(46.308537 9.061546 -340.000000)
(46.650043 10.001427 -340.000000)
(46.991547 10.941299 -340.000000)
(47.333054 11.881180 -340.000000)
(47.674561 12.821060 -340.000000)
(48.016068 13.760933 -340.000000)
(48.357574 14.700813 -340.000000)
(48.699081 15.640694 -340.000000)
(49.040585 16.580566 -340.000000)
(49.382092 17.520447 -340.000000)
(49.723598 18.460327 -340.000000)
(50.065102 19.400200 -340.000000)
(50.406609 20.340080 -340.000000)
(50.748116 21.279961 -340.000000)
(51.089622 22.219833 -340.000000)
(51.431126 23.159714 -340.000000)
(51.772633 24.099594 -340.000000)
(52.114140 25.039467 -340.000000)
(52.455643 25.979347 -340.000000)
(52.797150 26.919228 -340.000000)
(53.138657 27.859100 -340.000000)
(53.480164 28.798981 -340.000000)
(53.821667 29.738861 -340.000000)
(54.163174 30.678734 -340.000000)
(54.504681 31.618614 -340.000000)
(54.846188 32.558495 -340.000000)
(55.187691 33.498367 -340.000000)
(55.529198 34.438248 -340.000000)
(55.870705 35.378128 -340.000000)
(56.212212 36.318001 -340.000000)
(56.553715 37.257881 -340.000000)
(56.895222 38.197762 -340.000000)
(57.236729 39.137634 -340.000000)
(57.578236 40.077515 -340.000000)
(57.919739 41.017395 -340.000000)
(58.261246 41.957275 -340.000000)
(58.602753 42.897148 -340.000000)
(58.944256 43.837029 -340.000000)
(59.285763 44.776909 -340.000000)
(59.627270 45.716782 -340.000000)
(59.968777 46.656662 -340.000000)
(60.310280 47.596542 -340.000000)
(60.651787 48.536415 -340.000000)
(60.993294 49.476295 -340.000000)
(61.334801 50.416176 -340.000000)
(61.650330 51.284561 -340.000000)
(61.650330 51.284561 -341.000000)
(61.650330 51.284561 -342.000000)
(61.650330 51.284561 -343.000000)
(61.958252 50.333149 -343.000000)
(62.266174 49.381737 -343.000000)
(62.574093 48.430325 -343.000000)
(62.882015 47.478912 -343.000000)
(62.986115 47.157272 -343.000000)
(63.377834 46.237186 -343.000000)
(63.769554 45.317104 -343.000000)
(64.161270 44.397018 -343.000000)
(64.552994 43.476933 -343.000000)
(64.652634 43.242889 -343.000000)
(65.123810 42.360851 -343.000000)
(65.594986 41.478813 -343.000000)
(66.066170 40.596775 -343.000000)
(66.537346 39.714737 -343.000000)
(67.008522 38.832699 -343.000000)
(67.479698 37.950661 -343.000000)
(67.950874 37.068623 -343.000000)
(68.422058 36.186584 -343.000000)
(68.684158 35.695930 -343.000000)
(69.183296 34.829411 -343.000000)
(69.682442 33.962887 -343.000000)
(70.181580 33.096367 -343.000000)
(70.680717 32.229847 -343.000000)
(71.179855 31.363323 -343.000000)
(71.679001 30.496803 -343.000000)
(72.178139 29.630281 -343.000000)
(72.677277 28.763760 -343.000000)
(73.157639 27.929840 -343.000000)
(73.603088 27.034534 -343.000000)
(74.048546 26.139229 -343.000000)
(74.493996 25.243923 -343.000000)
(74.939453 24.348618 -343.000000)
(75.384903 23.453312 -343.000000)
(75.830353 22.558006 -343.000000)
(76.275810 21.662701 -343.000000)
(76.721260 20.767397 -343.000000)
(77.166718 19.872089 -343.000000)
(77.485809 19.230751 -343.000000)
(77.832626 18.292818 -343.000000)
(78.179443 17.354885 -343.000000)
(78.526260 16.416952 -343.000000)
(78.859848 15.514793 -343.000000)
(79.095940 14.543063 -343.000000)
(79.332031 13.571333 -343.000000)
(79.568130 12.599602 -343.000000)
(79.715042 11.994919 -343.000000)
(79.827881 11.001306 -343.000000)
(79.940727 10.007693 -343.000000)
(80.053566 9.014080 -343.000000)
(80.093079 8.666191 -343.000000)
(80.074791 7.666358 -343.000000)
(80.056503 6.666525 -343.000000)
(80.038216 5.666693 -343.000000)
(80.035599 5.523659 -343.000000)
(79.884933 4.535075 -343.000000)
(79.734261 3.546490 -343.000000)
(79.584274 2.562370 -343.000000)
(79.307060 1.601562 -343.000000)
(79.029846 0.640754 -343.000000)
(78.780746 -0.222610 -343.000000)
(78.338280 -1.119394 -343.000000)
(77.895813 -2.016178 -343.000000)
(77.453339 -2.912962 -343.000000)
(77.010872 -3.809746 -343.000000)
(76.568405 -4.706530 -343.000000)
(76.283752 -5.283455 -343.000000)
(75.672951 -6.075237 -343.000000)
(75.062141 -6.867019 -343.000000)
(74.451340 -7.658801 -343.000000)
(73.840538 -8.450583 -343.000000)
(73.229729 -9.242364 -343.000000)
(72.877884 -9.698463 -343.000000)
(72.155273 -10.389721 -343.000000)
(71.432671 -11.080979 -343.000000)
(70.710060 -11.772237 -343.000000)
(69.987450 -12.463494 -343.000000)
(69.264839 -13.154753 -343.000000)
(68.896408 -13.507202 -343.000000)
(68.103149 -14.116083 -343.000000)
(67.309883 -14.724964 -343.000000)
(66.516624 -15.333846 -343.000000)
(65.723366 -15.942727 -343.000000)
(64.930099 -16.551609 -343.000000)
(64.672607 -16.749252 -343.000000)
(63.836815 -17.298296 -343.000000)
(63.001019 -17.847340 -343.000000)
(62.165226 -18.396381 -343.000000)
(61.329433 -18.945425 -343.000000)
(60.539734 -19.464188 -343.000000)
(59.694237 -19.998169 -343.000000)
(58.848743 -20.532152 -343.000000)
(58.003246 -21.066133 -343.000000)
(57.157749 -21.600115 -343.000000)
(56.312256 -22.134098 -343.000000)
(55.466759 -22.668079 -343.000000)
(54.621262 -23.202061 -343.000000)
(53.775764 -23.736042 -343.000000)
(52.930271 -24.270025 -343.000000)
(52.787720 -24.360054 -343.000000)
(51.912991 -24.844666 -343.000000)
(51.038261 -25.329277 -343.000000)
(50.163532 -25.813889 -343.000000)
(49.288803 -26.298498 -343.000000)
(48.414070 -26.783110 -343.000000)
(47.539341 -27.267721 -343.000000)
(46.664612 -27.752333 -343.000000)
(45.789883 -28.236944 -343.000000)
(44.915154 -28.721554 -343.000000)
(44.575256 -28.909863 -343.000000)
(43.656624 -29.304974 -343.000000)
(42.737988 -29.700085 -343.000000)
(41.819355 -30.095194 -343.000000)
(40.900723 -30.490305 -343.000000)
(39.982090 -30.885416 -343.000000)
(39.892426 -30.923981 -343.000000)
(38.944256 -31.241743 -343.000000)
(37.996086 -31.559505 -343.000000)
(37.047913 -31.877266 -343.000000)
(36.099743 -32.195030 -343.000000)
(35.151573 -32.512791 -343.000000)
(34.609734 -32.694378 -343.000000)
(33.638218 -32.931347 -343.000000)
(32.666698 -33.168316 -343.000000)
(31.695183 -33.405285 -343.000000)
(30.723665 -33.642258 -343.000000)
(29.752148 -33.879227 -343.000000)
(28.780632 -34.116196 -343.000000)
(28.565620 -34.168640 -343.000000)
(27.578424 -34.328152 -343.000000)
(26.591228 -34.487659 -343.000000)
(25.604031 -34.647171 -343.000000)
(24.616835 -34.806679 -343.000000)
(23.629639 -34.966190 -343.000000)
(22.642443 -35.125698 -343.000000)
(21.655247 -35.285210 -343.000000)
(21.598511 -35.294376 -343.000000)
(20.602133 -35.379402 -343.000000)
(19.605753 -35.464428 -343.000000)
(18.609375 -35.549450 -343.000000)
(17.612995 -35.634476 -343.000000)
(16.616617 -35.719501 -343.000000)
(15.620237 -35.804527 -343.000000)
(14.623859 -35.889549 -343.000000)
(13.658463 -35.971931 -343.000000)
(12.659001 -35.939102 -343.000000)
(11.659540 -35.906277 -343.000000)
(10.660079 -35.873447 -343.000000)
(9.660618 -35.840618 -343.000000)
(8.661157 -35.807793 -343.000000)
(7.661695 -35.774963 -343.000000)
(6.662234 -35.742138 -343.000000)
(5.662773 -35.709309 -343.000000)
(5.097984 -35.690758 -343.000000)
(4.111176 -35.528862 -343.000000)
(3.124369 -35.366962 -343.000000)
(2.137561 -35.205067 -343.000000)
(1.150753 -35.043171 -343.000000)
(0.753113 -34.977932 -343.000000)
(-0.209604 -34.707424 -343.000000)
(-1.172322 -34.436913 -343.000000)
(-2.135039 -34.166405 -343.000000)
(-3.097757 -33.895893 -343.000000)
(-3.545219 -33.770164 -343.000000)
(-4.464808 -33.377285 -343.000000)
(-5.384398 -32.984406 -343.000000)
(-6.303988 -32.591522 -343.000000)
(-7.223577 -32.198643 -343.000000)
(-7.729805 -31.982365 -343.000000)
(-8.582494 -31.459946 -343.000000)
(-9.435183 -30.937527 -343.000000)
(-10.287871 -30.415108 -343.000000)
(-11.140560 -29.892689 -343.000000)
(-11.733429 -29.529453 -343.000000)
(-12.494268 -28.880514 -343.000000)
(-13.255109 -28.231573 -343.000000)
(-14.015948 -27.582634 -343.000000)
(-14.776788 -26.933695 -343.000000)
(-15.488876 -26.326336 -343.000000)
(-16.137337 -25.565086 -343.000000)
(-16.785795 -24.803837 -343.000000)
(-17.434254 -24.042589 -343.000000)
(-18.082714 -23.281340 -343.000000)
(-18.731174 -22.520090 -343.000000)
(-18.928940 -22.287926 -343.000000)
(-19.453772 -21.436720 -343.000000)
(-19.978603 -20.585514 -343.000000)
(-20.503435 -19.734308 -343.000000)
(-21.028267 -18.883102 -343.000000)
(-21.553099 -18.031897 -343.000000)
(-21.986397 -17.329147 -343.000000)
(-22.386993 -16.412893 -343.000000)
(-22.787590 -15.496638 -343.000000)
(-23.188187 -14.580384 -343.000000)
(-23.588783 -13.664129 -343.000000)
(-23.989380 -12.747875 -343.000000)
(-24.389977 -11.831620 -343.000000)
(-24.594032 -11.364899 -343.000000)
(-24.878159 -10.406112 -343.000000)
(-25.162285 -9.447325 -343.000000)
(-25.446411 -8.488539 -343.000000)
(-25.730537 -7.529752 -343.000000)
(-26.014664 -6.570965 -343.000000)
(-26.298790 -5.612178 -343.000000)
(-26.582916 -4.653391 -343.000000)
(-26.684647 -4.310104 -343.000000)
(-26.864679 -3.326443 -343.000000)
(-27.044712 -2.342783 -343.000000)
(-27.224747 -1.359123 -343.000000)
(-27.404779 -0.375462 -343.000000)
(-27.584812 0.608199 -343.000000)
(-27.764845 1.591859 -343.000000)
(-27.944878 2.575519 -343.000000)
(-28.124910 3.559179 -343.000000)
(-28.191010 3.920326 -343.000000)
(-28.280720 4.916294 -343.000000)
(-28.370432 5.912262 -343.000000)
(-28.460142 6.908230 -343.000000)
(-28.549854 7.904198 -343.000000)
(-28.639565 8.900166 -343.000000)
(-28.729275 9.896133 -343.000000)
(-28.818987 10.892101 -343.000000)
(-28.908697 11.888070 -343.000000)
(-28.998407 12.884038 -343.000000)
(-29.045918 13.411484 -343.000000)
(-29.058487 14.411405 -343.000000)
(-29.071058 15.411325 -343.000000)
(-29.083628 16.411247 -343.000000)
(-29.096199 17.411167 -343.000000)
(-29.108768 18.411089 -343.000000)
(-29.121340 19.411009 -343.000000)
(-29.133909 20.410931 -343.000000)
(-29.146479 21.410851 -343.000000)
(-29.159050 22.410770 -343.000000)
(-29.171619 23.410692 -343.000000)
(-29.182152 24.248451 -343.000000)
(-30.096159 24.654148 -343.000000)
(-30.738602 24.939308 -343.000000)
(-30.738602 24.939308 -342.000000)
(-30.738602 24.939308 -341.000000)
(-30.738602 24.939308 -340.000000)
(-30.278397 25.827120 -340.000000)
(-29.818192 26.714933 -340.000000)
(-29.357986 27.602745 -340.000000)
(-28.897781 28.490559 -340.000000)
(-28.437574 29.378370 -340.000000)
(-27.977369 30.266184 -340.000000)
(-27.517164 31.153996 -340.000000)
(-27.056959 32.041809 -340.000000)
(-26.596754 32.929623 -340.000000)
(-26.136549 33.817432 -340.000000)
(-25.676344 34.705246 -340.000000)
(-25.216139 35.593056 -340.000000)
(-24.755934 36.480869 -340.000000)
(-24.295729 37.368683 -340.000000)
(-23.835524 38.256493 -340.000000)
(-23.375319 39.144306 -340.000000)
(-22.915113 40.032120 -340.000000)
(-22.454906 40.919930 -340.000000)
(-21.994701 41.807743 -340.000000)
(-21.534496 42.695557 -340.000000)
(-21.074291 43.583366 -340.000000)
(-20.614086 44.471180 -340.000000)
(-20.153881 45.358994 -340.000000)
(-19.693676 46.246803 -340.000000)
(-19.233471 47.134617 -340.000000)
(-18.773266 48.022430 -340.000000)
(-18.313061 48.910240 -340.000000)
(-17.852856 49.798050 -340.000000)
(-17.392651 50.685867 -340.000000)
(-16.932446 51.573677 -340.000000)
(-16.472240 52.461487 -340.000000)
(-16.012035 53.349300 -340.000000)
(-15.551831 54.237114 -340.000000)
(-15.091626 55.124924 -340.000000)
(-14.631420 56.012737 -340.000000)
(-14.171215 56.900551 -340.000000)
(-13.829994 57.558823 -340.000000)
(-13.829994 57.558823 -341.000000)
(-13.829994 57.558823 -342.000000)
(-13.829994 57.558823 -343.000000)
(-13.117109 58.260105 -343.000000)
(-12.404224 58.961384 -343.000000)
(-11.691339 59.662666 -343.000000)
(-10.978454 60.363945 -343.000000)
(-10.265568 61.065228 -343.000000)
(-9.552683 61.766506 -343.000000)
(-8.839798 62.467789 -343.000000)
(-8.505669 62.796478 -343.000000)
(-7.705251 63.395920 -343.000000)
(-6.904834 63.995365 -343.000000)
(-6.104416 64.594810 -343.000000)
(-5.303998 65.194252 -343.000000)
(-4.503581 65.793694 -343.000000)
(-3.703164 66.393135 -343.000000)
(-2.902747 66.992577 -343.000000)
(-2.901047 66.993851 -343.000000)
(-2.027357 67.480331 -343.000000)
(-1.153666 67.966812 -343.000000)
(-0.279976 68.453300 -343.000000)
(0.593715 68.939781 -343.000000)
(1.467405 69.426262 -343.000000)
(2.341095 69.912743 -343.000000)
(2.896088 70.221771 -343.000000)
(3.826262 70.588890 -343.000000)
(4.756436 70.956009 -343.000000)
(5.686611 71.323128 -343.000000)
(6.616785 71.690247 -343.000000)
(7.546960 72.057358 -343.000000)
(8.477134 72.424477 -343.000000)
(8.797958 72.551102 -343.000000)
(9.767252 72.797005 -343.000000)
(10.736546 73.042915 -343.000000)
(11.705839 73.288818 -343.000000)
(12.675133 73.534729 -343.000000)
(13.644426 73.780632 -343.000000)
(14.613720 74.026543 -343.000000)
(14.716782 74.052689 -343.000000)
(15.708771 74.179008 -343.000000)
(16.700760 74.305328 -343.000000)
(17.692749 74.431648 -343.000000)
(18.684740 74.557976 -343.000000)
(19.676729 74.684296 -343.000000)
(20.564781 74.797379 -343.000000)
(21.564728 74.807686 -343.000000)
(22.564674 74.817986 -343.000000)
(23.564621 74.828293 -343.000000)
(24.564569 74.838593 -343.000000)
(25.564516 74.848900 -343.000000)
(26.254166 74.856003 -343.000000)
(27.248978 74.754280 -343.000000)
(28.243792 74.652550 -343.000000)
(29.238604 74.550827 -343.000000)
(30.233416 74.449097 -343.000000)
(31.228230 74.347374 -343.000000)
(31.697159 74.299423 -343.000000)
(31.737938 73.300255 -343.000000)
(31.760002 72.759628 -343.000000)
(31.760002 72.759628 -342.000000)
(31.760002 72.759628 -341.000000)
(31.760002 72.759628 -340.000000)
(30.808704 72.451355 -340.000000)
(29.857407 72.143082 -340.000000)
(28.906107 71.834816 -340.000000)
(27.954809 71.526543 -340.000000)
(27.003511 71.218269 -340.000000)
(26.052212 70.909996 -340.000000)
(25.100914 70.601723 -340.000000)
(24.149616 70.293449 -340.000000)
(23.198318 69.985184 -340.000000)
(22.247019 69.676910 -340.000000)
(21.295719 69.368637 -340.000000)
(20.344421 69.060364 -340.000000)
(19.393124 68.752090 -340.000000)
(18.441826 68.443817 -340.000000)
(17.490528 68.135551 -340.000000)
(16.539230 67.827278 -340.000000)
(15.587933 67.519005 -340.000000)
(14.636635 67.210732 -340.000000)
(13.685337 66.902466 -340.000000)
(12.734039 66.594193 -340.000000)
(11.782742 66.285919 -340.000000)
(10.831444 65.977646 -340.000000)
(9.880146 65.669373 -340.000000)
(8.928846 65.361099 -340.000000)
(7.977549 65.052834 -340.000000)
(7.026251 64.744560 -340.000000)
(6.074953 64.436287 -340.000000)
(5.123655 64.128014 -340.000000)
(4.172358 63.819744 -340.000000)
(3.221060 63.511471 -340.000000)
(2.269762 63.203201 -340.000000)
(1.318464 62.894928 -340.000000)
(0.367167 62.586655 -340.000000)
(-0.584129 62.278385 -340.000000)
(-1.535427 61.970112 -340.000000)
(-2.486725 61.661842 -340.000000)
(-3.438023 61.353569 -340.000000)
(-4.389320 61.045296 -340.000000)
(-5.340618 60.737026 -340.000000)
(-6.291916 60.428753 -340.000000)
(-7.243214 60.120483 -340.000000)
(-8.194511 59.812210 -340.000000)
(-9.145809 59.503937 -340.000000)
(-10.097107 59.195667 -340.000000)
(-11.048405 58.887394 -340.000000)
(-11.999702 58.579124 -340.000000)
(-12.951000 58.270851 -340.000000)
(-13.710449 58.024750 -340.000000)
(-13.710449 58.024750 -341.000000)
(-13.710449 58.024750 -342.000000)
(-13.710449 58.024750 -343.000000)
(-13.780243 58.511169 -343.000000)
(-14.193521 59.421776 -343.000000)
(-14.295029 59.645432 -343.000000)
(-15.033521 60.319695 -343.000000)
(-15.712936 60.940018 -343.000000)
(-16.657352 61.268772 -343.000000)
(-17.601767 61.597527 -343.000000)
(-18.492096 61.907455 -343.000000)
(-19.492086 61.911865 -343.000000)
(-20.280281 61.915344 -343.000000)
(-21.210596 61.548584 -343.000000)
(-21.807228 61.313370 -343.000000)
(-22.572021 60.669094 -343.000000)
(-23.133705 60.195923 -343.000000)
(-23.744476 59.404118 -343.000000)
(-24.320496 58.657364 -343.000000)
(-24.794645 57.776920 -343.000000)
(-25.268793 56.896473 -343.000000)
(-25.742943 56.016029 -343.000000)
(-26.217093 55.135586 -343.000000)
(-26.691240 54.255142 -343.000000)
(-27.165390 53.374695 -343.000000)
(-27.639538 52.494251 -343.000000)
(-28.113688 51.613808 -343.000000)
(-28.587837 50.733364 -343.000000)
(-28.886166 50.179398 -343.000000)
(-29.502577 49.391975 -343.000000)
(-30.118988 48.604549 -343.000000)
(-30.735401 47.817127 -343.000000)
(-31.351812 47.029701 -343.000000)
(-31.658073 46.638474 -343.000000)
(-32.313229 45.882980 -343.000000)
(-32.968388 45.127487 -343.000000)
(-33.623543 44.371994 -343.000000)
(-34.278702 43.616501 -343.000000)
(-34.909286 42.889343 -343.000000)
(-35.455872 42.051941 -343.000000)
(-36.002460 41.214539 -343.000000)
(-36.296627 40.763855 -343.000000)
(-36.685135 39.842411 -343.000000)
(-37.073647 38.920967 -343.000000)
(-37.302181 38.378937 -343.000000)
(-37.468109 37.392799 -343.000000)
(-37.634033 36.406662 -343.000000)
(-37.758755 35.665421 -343.000000)
(-37.675598 34.668884 -343.000000)
(-37.592442 33.672348 -343.000000)
(-37.509281 32.675812 -343.000000)
(-37.499134 32.554192 -343.000000)
(-37.215019 31.595402 -343.000000)
(-36.930904 30.636610 -343.000000)
(-36.646790 29.677820 -343.000000)
(-36.436031 28.966576 -343.000000)
(-35.902218 28.120974 -343.000000)
(-35.368404 27.275372 -343.000000)
(-35.244690 27.079399 -343.000000)
(-34.441643 26.483484 -343.000000)
(-34.097904 26.228409 -343.000000)
(-33.209023 25.770269 -343.000000)
(-33.168468 25.749367 -343.000000)
(-32.221573 25.427824 -343.000000)
(-31.274677 25.106281 -343.000000)
(-30.327784 24.784739 -343.000000)
(-29.895325 24.637886 -343.000000)
(-28.935167 24.358427 -343.000000)
(-27.975010 24.078968 -343.000000)
(-27.014851 23.799511 -343.000000)
(-26.054693 23.520052 -343.000000)
(-25.094536 23.240593 -343.000000)
(-24.134378 22.961134 -343.000000)
(-23.174221 22.681675 -343.000000)
(-23.128174 22.668274 -343.000000)
(-22.191614 22.317766 -343.000000)
(-21.255054 21.967258 -343.000000)
(-20.318495 21.616751 -343.000000)
(-19.381935 21.266241 -343.000000)
(-18.445375 20.915733 -343.000000)
(-17.508816 20.565226 -343.000000)
(-16.572256 20.214718 -343.000000)
(-15.635696 19.864210 -343.000000)
(-14.699137 19.513702 -343.000000)
(-14.496544 19.437881 -343.000000)
(-13.535400 19.161833 -343.000000)
(-12.574256 18.885784 -343.000000)
(-11.613112 18.609737 -343.000000)
(-10.716568 18.352242 -343.000000)
(-9.721068 18.257473 -343.000000)
(-9.142487 18.202393 -343.000000)
(-8.155568 18.363611 -343.000000)
(-7.848320 18.413803 -343.000000)
(-6.969015 18.890062 -343.000000)
(-6.089710 19.366322 -343.000000)
(-5.852043 19.495049 -343.000000)
(-5.194067 20.248087 -343.000000)
(-4.536091 21.001125 -343.000000)
(-4.385384 21.173607 -343.000000)
(-4.012888 22.101641 -343.000000)
(-3.640392 23.029675 -343.000000)
(-3.410316 23.602882 -343.000000)
(-3.255749 24.590864 -343.000000)
(-3.101182 25.578846 -343.000000)
(-2.946614 26.566830 -343.000000)
(-2.888817 26.936264 -343.000000)
(-2.981840 27.931929 -343.000000)
(-3.074862 28.927591 -343.000000)
(-3.167885 29.923256 -343.000000)
(-3.260907 30.918921 -343.000000)
(-3.318192 31.532066 -343.000000)
(-3.599607 32.491653 -343.000000)
(-3.881021 33.451241 -343.000000)
(-4.162436 34.410824 -343.000000)
(-4.443851 35.370411 -343.000000)
(-4.725266 36.329998 -343.000000)
(-4.895042 36.908913 -343.000000)
(-5.299675 37.823391 -343.000000)
(-5.704309 38.737869 -343.000000)
(-6.108942 39.652351 -343.000000)
(-6.513576 40.566830 -343.000000)
(-6.918209 41.481308 -343.000000)
(-7.130325 41.960693 -343.000000)
(-7.683586 42.793701 -343.000000)
(-8.236848 43.626709 -343.000000)
(-8.790109 44.459717 -343.000000)
(-9.343370 45.292725 -343.000000)
(-9.535004 45.581253 -343.000000)
(-10.144258 46.374229 -343.000000)
(-10.753511 47.167202 -343.000000)
(-11.139488 47.669571 -343.000000)
(-11.610454 48.551723 -343.000000)
(-12.081420 49.433872 -343.000000)
(-12.281395 49.808441 -343.000000)
(-12.567761 50.766560 -343.000000)
(-12.854128 51.724682 -343.000000)
(-13.140494 52.682800 -343.000000)
(-13.426861 53.640923 -343.000000)
(-13.484039 53.832230 -343.000000)
(-13.574059 54.828171 -343.000000)
(-13.664077 55.824108 -343.000000)
(-13.754096 56.820049 -343.000000)
(-13.756027 56.841415 -343.000000)
(-13.717539 57.840675 -343.000000)
(-13.710449 58.024750 -343.000000)
(-13.710449 58.024750 -342.000000)
(-13.710449 58.024750 -341.000000)
(-13.710449 58.024750 -340.000000)
(-12.732993 58.235889 -340.000000)
(-11.755537 58.447025 -340.000000)
(-10.778080 58.658165 -340.000000)
(-9.800624 58.869301 -340.000000)
(-8.823168 59.080441 -340.000000)
(-7.845712 59.291576 -340.000000)
(-6.868255 59.502716 -340.000000)
(-5.890799 59.713852 -340.000000)
(-4.913342 59.924992 -340.000000)
(-3.935886 60.136127 -340.000000)
(-2.958430 60.347267 -340.000000)
(-1.980975 60.558403 -340.000000)
(-1.003519 60.769543 -340.000000)
(-0.026063 60.980679 -340.000000)
(0.951393 61.191818 -340.000000)
(1.928849 61.402954 -340.000000)
(2.906305 61.614094 -340.000000)
(3.883762 61.825230 -340.000000)
(4.861217 62.036369 -340.000000)
(5.838675 62.247505 -340.000000)
(6.816130 62.458645 -340.000000)
(7.793587 62.669781 -340.000000)
(8.771042 62.880920 -340.000000)
(9.748497 63.092056 -340.000000)
(10.725954 63.303196 -340.000000)
(11.703409 63.514332 -340.000000)
(12.680866 63.725471 -340.000000)
(13.658321 63.936607 -340.000000)
(14.635778 64.147743 -340.000000)
(15.613234 64.358887 -340.000000)
(16.590689 64.570023 -340.000000)
(17.568146 64.781158 -340.000000)
(18.545601 64.992294 -340.000000)
(19.523056 65.203438 -340.000000)
(20.500515 65.414574 -340.000000)
(21.477970 65.625710 -340.000000)
(22.455425 65.836853 -340.000000)
(23.432880 66.047989 -340.000000)
(24.410336 66.259125 -340.000000)
(25.387794 66.470261 -340.000000)
(26.365250 66.681396 -340.000000)
(27.342705 66.892540 -340.000000)
(28.320160 67.103676 -340.000000)
(29.297615 67.314812 -340.000000)
(30.275074 67.525955 -340.000000)
(31.252529 67.737091 -340.000000)
(32.229984 67.948227 -340.000000)
(33.207439 68.159363 -340.000000)
(34.184898 68.370499 -340.000000)
(35.162354 68.581642 -340.000000)
(36.139809 68.792778 -340.000000)
(37.117264 69.003914 -340.000000)
(38.094719 69.215057 -340.000000)
(39.072178 69.426193 -340.000000)
(40.049633 69.637329 -340.000000)
(41.027088 69.848465 -340.000000)
(42.004543 70.059608 -340.000000)
(42.982002 70.270744 -340.000000)
(43.959457 70.481880 -340.000000)
(44.936913 70.693016 -340.000000)
(45.914368 70.904160 -340.000000)
(46.891823 71.115295 -340.000000)
(47.869282 71.326431 -340.000000)
(48.846737 71.537567 -340.000000)
(49.824192 71.748711 -340.000000)
(50.801651 71.959846 -340.000000)
(51.779106 72.170982 -340.000000)
(52.254120 72.273590 -340.000000)
(52.254120 72.273590 -341.000000)
(52.254120 72.273590 -342.000000)
(52.254120 72.273590 -343.000000)
(53.243664 72.129364 -343.000000)
(54.233208 71.985138 -343.000000)
(55.222752 71.840904 -343.000000)
(56.212299 71.696678 -343.000000)
(57.201843 71.552452 -343.000000)
(58.191387 71.408226 -343.000000)
(58.465408 71.368286 -343.000000)
(59.418358 71.065163 -343.000000)
(60.371311 70.762039 -343.000000)
(61.146652 70.515411 -343.000000)
(62.015697 70.020683 -343.000000)
(62.884743 69.525948 -343.000000)
(63.423538 69.219223 -343.000000)
(64.112930 68.494835 -343.000000)
(64.802330 67.770447 -343.000000)
(65.205002 67.347336 -343.000000)
(65.625282 66.439941 -343.000000)
(66.045570 65.532547 -343.000000)
(66.399979 64.767380 -343.000000)
(66.549545 63.778629 -343.000000)
(66.699120 62.789879 -343.000000)
(66.848686 61.801125 -343.000000)
(66.917389 61.346985 -343.000000)
(66.860306 60.348614 -343.000000)
(66.803223 59.350246 -343.000000)
(66.746140 58.351875 -343.000000)
(66.689056 57.353508 -343.000000)
(66.666199 56.953766 -343.000000)
(66.347656 56.005856 -343.000000)
(66.029114 55.057949 -343.000000)
(65.710571 54.110039 -343.000000)
(65.610352 53.811798 -343.000000)
(64.897957 53.110016 -343.000000)
(64.185562 52.408237 -343.000000)
(63.644699 51.875427 -343.000000)
(62.693764 51.566044 -343.000000)
(61.742825 51.256660 -343.000000)
(61.036865 51.026978 -343.000000)
(60.037697 51.067791 -343.000000)
(59.038532 51.108608 -343.000000)
(58.054474 51.148804 -343.000000)
(57.100788 51.449608 -343.000000)
(56.147102 51.750412 -343.000000)
(55.193417 52.051216 -343.000000)
(54.965149 52.123215 -343.000000)
(54.101498 52.627300 -343.000000)
(53.237843 53.131390 -343.000000)
(52.374191 53.635475 -343.000000)
(52.036514 53.832565 -343.000000)
(51.304440 54.513790 -343.000000)
(50.572365 55.195015 -343.000000)
(49.840290 55.876236 -343.000000)
(49.536209 56.159195 -343.000000)
(48.998093 57.002064 -343.000000)
(48.459972 57.844933 -343.000000)
(47.921856 58.687805 -343.000000)
(47.731842 58.985428 -343.000000)
(47.240139 59.856194 -343.000000)
(46.748440 60.726955 -343.000000)
(46.256737 61.597721 -343.000000)
(45.765038 62.468483 -343.000000)
(45.636383 62.696320 -343.000000)
(44.972836 63.444454 -343.000000)
(44.309288 64.192589 -343.000000)
(43.645737 64.940720 -343.000000)
(43.356445 65.266891 -343.000000)
(42.543381 65.849068 -343.000000)
(41.730320 66.431244 -343.000000)
(41.005890 66.949951 -343.000000)
(40.095463 67.363617 -343.000000)
(39.185036 67.777290 -343.000000)
(38.698578 67.998322 -343.000000)
(37.740421 68.284569 -343.000000)
(36.782269 68.570824 -343.000000)
(35.824112 68.857071 -343.000000)
(34.865959 69.143318 -343.000000)
(34.669044 69.202148 -343.000000)
(33.754520 69.606682 -343.000000)
(33.174522 69.863235 -343.000000)
(32.482071 70.584702 -343.000000)
(32.178635 70.900848 -343.000000)
(31.868837 71.851654 -343.000000)
(31.711143 72.335632 -343.000000)
(31.706882 73.335625 -343.000000)
(31.704399 73.918152 -343.000000)
(31.962620 74.884239 -343.000000)
(32.126144 75.496033 -343.000000)
(32.625034 76.362701 -343.000000)
(32.944092 76.916962 -343.000000)
(33.672523 77.602081 -343.000000)
(34.125984 78.028580 -343.000000)
(35.044842 78.423172 -343.000000)
(35.639542 78.678558 -343.000000)
(36.639343 78.698410 -343.000000)
(37.452507 78.714554 -343.000000)
(38.396038 78.383270 -343.000000)
(39.339569 78.051979 -343.000000)
(39.532593 77.984207 -343.000000)
(40.410610 77.505577 -343.000000)
(41.288628 77.026947 -343.000000)
(42.166645 76.548325 -343.000000)
(43.044662 76.069695 -343.000000)
(43.922680 75.591064 -343.000000)
(44.800697 75.112434 -343.000000)
(45.678715 74.633812 -343.000000)
(46.556732 74.155182 -343.000000)
(46.793594 74.026062 -343.000000)
(47.712471 73.631516 -343.000000)
(48.631344 73.236961 -343.000000)
(49.515411 72.857361 -343.000000)
(50.493439 72.648888 -343.000000)
(51.471470 72.440414 -343.000000)
(52.254120 72.273590 -343.000000)
(52.254120 72.273590 -342.000000)
(52.254120 72.273590 -341.000000)
(52.254120 72.273590 -340.000000)
(51.736118 71.418213 -340.000000)
(51.218117 70.562828 -340.000000)
(50.700115 69.707451 -340.000000)
(50.182114 68.852074 -340.000000)
(49.664112 67.996689 -340.000000)
(49.146111 67.141312 -340.000000)
(48.628109 66.285934 -340.000000)
(48.110107 65.430550 -340.000000)
(47.592106 64.575172 -340.000000)
(47.074104 63.719795 -340.000000)
(46.556103 62.864414 -340.000000)
(46.038101 62.009033 -340.000000)
(45.520100 61.153656 -340.000000)
(45.002098 60.298275 -340.000000)
(44.484097 59.442894 -340.000000)
(43.966095 58.587513 -340.000000)
(43.448093 57.732136 -340.000000)
(42.930092 56.876755 -340.000000)
(42.412090 56.021378 -340.000000)
(41.894089 55.165997 -340.000000)
(41.376087 54.310616 -340.000000)
(40.858086 53.455238 -340.000000)
(40.340088 52.599861 -340.000000)
(39.822086 51.744480 -340.000000)
(39.304085 50.889099 -340.000000)
(38.786083 50.033722 -340.000000)
(38.268082 49.178345 -340.000000)
(37.750080 48.322968 -340.000000)
(37.232079 47.467587 -340.000000)
(36.714081 46.612206 -340.000000)
(36.196075 45.756828 -340.000000)
(35.678078 44.901451 -340.000000)
(35.160076 44.046074 -340.000000)
(34.642075 43.190693 -340.000000)
(34.124077 42.335312 -340.000000)
(33.606071 41.479935 -340.000000)
(33.088074 40.624557 -340.000000)
(32.570068 39.769176 -340.000000)
(32.052067 38.913795 -340.000000)
(31.534065 38.058414 -340.000000)
(31.016064 37.203033 -340.000000)
(30.498060 36.347652 -340.000000)
(29.980059 35.492271 -340.000000)
(29.462057 34.636890 -340.000000)
(28.944054 33.781509 -340.000000)
(28.426052 32.926128 -340.000000)
(27.908051 32.070747 -340.000000)
(27.390047 31.215366 -340.000000)
(26.872046 30.359985 -340.000000)
(26.354044 29.504604 -340.000000)
(25.836040 28.649223 -340.000000)
(25.318039 27.793846 -340.000000)
(24.800037 26.938465 -340.000000)
(24.282036 26.083084 -340.000000)
(23.764032 25.227703 -340.000000)
(23.246031 24.372322 -340.000000)
(22.728029 23.516941 -340.000000)
(22.210026 22.661560 -340.000000)
(21.692024 21.806179 -340.000000)
(21.174023 20.950798 -340.000000)
(20.656019 20.095417 -340.000000)
(20.138016 19.240036 -340.000000)
(19.620014 18.384655 -340.000000)
(19.102013 17.529274 -340.000000)
(18.584011 16.673893 -340.000000)
(18.066010 15.818512 -340.000000)
(17.548008 14.963131 -340.000000)
(17.030003 14.107754 -340.000000)
(16.512001 13.252373 -340.000000)
(15.993999 12.396992 -340.000000)
(15.475998 11.541611 -340.000000)
(14.957996 10.686230 -340.000000)
(14.439995 9.830849 -340.000000)
(13.921989 8.975468 -340.000000)
(13.403988 8.120087 -340.000000)
(12.950256 7.370834 -340.000000)
(12.950256 7.370834 -341.000000)
(12.950256 7.370834 -342.000000)
(12.950256 7.370834 -343.000000)
(13.077222 6.378927 -343.000000)
(13.189095 5.504936 -343.000000)
(13.561251 4.576766 -343.000000)
(13.874626 3.795197 -343.000000)
(14.468703 2.990789 -343.000000)
(14.960426 2.324974 -343.000000)
(15.742453 1.701728 -343.000000)
(16.400047 1.177650 -343.000000)
(17.319345 0.784089 -343.000000)
(18.078506 0.459084 -343.000000)
(19.069487 0.325080 -343.000000)
(19.849838 0.219559 -343.000000)
(20.840818 0.353562 -343.000000)
(21.621178 0.459084 -343.000000)
(22.540476 0.852645 -343.000000)
(23.299637 1.177650 -343.000000)
(24.081663 1.800896 -343.000000)
(24.739258 2.324974 -343.000000)
(25.333336 3.129382 -343.000000)
(25.825058 3.795197 -343.000000)
(26.197214 4.723367 -343.000000)
(26.510590 5.504936 -343.000000)
(26.637556 6.496843 -343.000000)
(26.749428 7.370834 -343.000000)
(26.622461 8.362741 -343.000000)
(26.510590 9.236725 -343.000000)
(26.138433 10.164895 -343.000000)
(25.825058 10.946465 -343.000000)
(25.230980 11.750873 -343.000000)
(24.739258 12.416687 -343.000000)
(23.957233 13.039935 -343.000000)
(23.299637 13.564018 -343.000000)
(22.380339 13.957580 -343.000000)
(21.621178 14.282585 -343.000000)
(20.630196 14.416584 -343.000000)
(19.849838 14.522102 -343.000000)
(18.858856 14.388103 -343.000000)
(18.078506 14.282585 -343.000000)
(17.159208 13.889024 -343.000000)
(16.400047 13.564018 -343.000000)
(15.618023 12.940770 -343.000000)
(14.960426 12.416687 -343.000000)
(14.366349 11.612279 -343.000000)
(13.874626 10.946465 -343.000000)
(13.502470 10.018294 -343.000000)
(13.189095 9.236725 -343.000000)
(13.062128 8.244818 -343.000000)
(12.950256 7.370834 -343.000000)
(12.950256 7.370834 -342.000000)
(12.950256 7.370834 -341.000000)
(12.950256 7.370834 -340.000000)
(13.807632 7.885524 -340.000000)
(14.665009 8.400215 -340.000000)
(15.522385 8.914906 -340.000000)
(16.379761 9.429596 -340.000000)
(17.237137 9.944286 -340.000000)
(18.094513 10.458977 -340.000000)
(18.951889 10.973667 -340.000000)
(19.809265 11.488358 -340.000000)
(20.666641 12.003048 -340.000000)
(21.524017 12.517738 -340.000000)
(22.381393 13.032429 -340.000000)
(23.238770 13.547119 -340.000000)
(23.292084 13.579124 -340.000000)
(23.292084 13.579124 -341.000000)
(23.292084 13.579124 -342.000000)
(23.292084 13.579124 -343.000000)
(22.351408 13.918434 -343.000000)
(22.140594 13.994476 -343.000000)
(21.583717 13.163881 -343.000000)
(21.026840 12.333286 -343.000000)
(20.469963 11.502691 -343.000000)
(20.069519 10.905418 -343.000000)
(19.826515 9.935392 -343.000000)
(19.583513 8.965367 -343.000000)
(19.340509 7.995342 -343.000000)
(19.201767 7.441505 -343.000000)
(19.279306 6.444516 -343.000000)
(19.356846 5.447526 -343.000000)
(19.434383 4.450537 -343.000000)
(19.481262 3.847786 -343.000000)
(19.847870 2.917411 -343.000000)
(20.214479 1.987036 -343.000000)
(20.581089 1.056660 -343.000000)
(20.851929 0.369324 -343.000000)
(21.826733 0.592385 -343.000000)
(22.027580 0.638344 -343.000000)
(22.027580 0.638344 -342.000000)
(22.027580 0.638344 -341.000000)
(22.027580 0.638344 -340.000000)
(22.790285 1.285092 -340.000000)
(23.552988 1.931839 -340.000000)
(24.315693 2.578587 -340.000000)
(25.078396 3.225335 -340.000000)
(25.841101 3.872082 -340.000000)
(26.603806 4.518830 -340.000000)
(27.366508 5.165578 -340.000000)
(28.129213 5.812325 -340.000000)
(28.891918 6.459074 -340.000000)
(29.654621 7.105821 -340.000000)
(30.417324 7.752569 -340.000000)
(31.180029 8.399317 -340.000000)
(31.942734 9.046063 -340.000000)
(32.705437 9.692811 -340.000000)
(33.468140 10.339559 -340.000000)
(34.230843 10.986306 -340.000000)
(34.993546 11.633053 -340.000000)
(35.756252 12.279800 -340.000000)
(36.518955 12.926548 -340.000000)
(37.281658 13.573296 -340.000000)
(38.044361 14.220042 -340.000000)
(38.807068 14.866791 -340.000000)
(39.569771 15.513538 -340.000000)
(40.332474 16.160286 -340.000000)
(41.095177 16.807034 -340.000000)
(41.857880 17.453781 -340.000000)
(42.620583 18.100527 -340.000000)
(43.383289 18.747274 -340.000000)
(44.145992 19.394022 -340.000000)
(44.908695 20.040770 -340.000000)
(45.671402 20.687517 -340.000000)
(46.434105 21.334265 -340.000000)
(47.196808 21.981012 -340.000000)
(47.959511 22.627760 -340.000000)
(48.722214 23.274508 -340.000000)
(49.484917 23.921253 -340.000000)
(50.247620 24.568001 -340.000000)
(51.010323 25.214748 -340.000000)
(51.773029 25.861496 -340.000000)
(52.535732 26.508244 -340.000000)
(53.298435 27.154991 -340.000000)
(54.061138 27.801739 -340.000000)
(54.823845 28.448486 -340.000000)
(54.832230 28.455597 -340.000000)
(54.832230 28.455597 -341.000000)
(54.832230 28.455597 -342.000000)
(54.832230 28.455597 -343.000000)
(54.961109 27.463936 -343.000000)
(55.037048 26.879631 -343.000000)
(55.414116 25.953445 -343.000000)
(55.624954 25.435562 -343.000000)
(56.224888 24.635511 -343.000000)
(56.556122 24.193787 -343.000000)
(57.342747 23.576353 -343.000000)
(57.790710 23.224739 -343.000000)
(58.712154 22.836226 -343.000000)
(59.230133 22.617828 -343.000000)
(60.221382 22.485815 -343.000000)
(60.749207 22.415520 -343.000000)
(61.740456 22.547533 -343.000000)
(62.268280 22.617828 -343.000000)
(63.189724 23.006342 -343.000000)
(63.707703 23.224739 -343.000000)
(64.494331 23.842167 -343.000000)
(64.942307 24.193787 -343.000000)
(65.542236 24.993837 -343.000000)
(65.873474 25.435562 -343.000000)
(66.250542 26.361748 -343.000000)
(66.461380 26.879631 -343.000000)
(66.590263 27.871292 -343.000000)
(66.666199 28.455597 -343.000000)
(66.537315 29.447256 -343.000000)
(66.461380 30.031555 -343.000000)
(66.084312 30.957743 -343.000000)
(65.873474 31.475632 -343.000000)
(65.273544 32.275681 -343.000000)
(64.942307 32.717407 -343.000000)
(64.155678 33.334835 -343.000000)
(63.707703 33.686455 -343.000000)
(62.786259 34.074966 -343.000000)
(62.268280 34.293365 -343.000000)
(61.277031 34.425381 -343.000000)
(60.749207 34.495674 -343.000000)
(59.757957 34.363659 -343.000000)
(59.230133 34.293365 -343.000000)
(58.308689 33.904854 -343.000000)
(57.790710 33.686455 -343.000000)
(57.004086 33.069023 -343.000000)
(56.556122 32.717407 -343.000000)
(55.956188 31.917356 -343.000000)
(55.624954 31.475632 -343.000000)
(55.247890 30.549444 -343.000000)
(55.037048 30.031555 -343.000000)
(54.908169 29.039896 -343.000000)
(54.832230 28.455597 -343.000000)
(54.832230 28.455597 -342.000000)
(54.832230 28.455597 -341.000000)
(54.832230 28.455597 -340.000000)
(55.571350 29.129171 -340.000000)
(56.310467 29.802746 -340.000000)
(57.049587 30.476320 -340.000000)
(57.788708 31.149895 -340.000000)
(58.527828 31.823469 -340.000000)
(59.266945 32.497044 -340.000000)
(60.006065 33.170616 -340.000000)
(60.745186 33.844193 -340.000000)
(61.414871 34.454491 -340.000000)
(61.414871 34.454491 -341.000000)
(61.414871 34.454491 -342.000000)
(61.414871 34.454491 -343.000000)
(60.461792 34.423035 -343.000000)
(60.198738 33.458252 -343.000000)
(59.935684 32.493473 -343.000000)
(59.697464 31.619781 -343.000000)
(59.643337 30.621248 -343.000000)
(59.589207 29.622713 -343.000000)
(59.535080 28.624180 -343.000000)
(59.518509 28.318504 -343.000000)
(59.627068 27.324415 -343.000000)
(59.735630 26.330324 -343.000000)
(59.844189 25.336235 -343.000000)
(59.872086 25.080795 -343.000000)
(60.175968 24.128086 -343.000000)
(60.479851 23.175377 -343.000000)
(60.705399 22.468262 -343.000000)
(61.704876 22.435898 -343.000000)
(61.752487 22.434357 -343.000000)
(61.752487 22.434357 -342.000000)
(61.752487 22.434357 -341.000000)
(61.752487 22.434357 -340.000000)
(62.327877 21.616476 -340.000000)
(62.903263 20.798595 -340.000000)
(63.478653 19.980717 -340.000000)
(64.054039 19.162836 -340.000000)
(64.629433 18.344955 -340.000000)
(65.204819 17.527075 -340.000000)
(65.780205 16.709194 -340.000000)
(66.355591 15.891314 -340.000000)
(66.930984 15.073433 -340.000000)
(67.506371 14.255553 -340.000000)
(68.081757 13.437673 -340.000000)
(68.657150 12.619792 -340.000000)
(69.232536 11.801911 -340.000000)
(69.721924 11.106277 -340.000000)
(69.721924 11.106277 -341.000000)
(69.721924 11.106277 -342.000000)
(69.721924 11.106277 -343.000000)
(69.923866 10.126881 -343.000000)
(70.125809 9.147483 -343.000000)
(70.327751 8.168086 -343.000000)
(70.452072 7.565155 -343.000000)
(70.457634 6.565170 -343.000000)
(70.463196 5.565186 -343.000000)
(70.468758 4.565201 -343.000000)
(70.469574 4.419067 -343.000000)
(70.245979 3.444385 -343.000000)
(70.022385 2.469702 -343.000000)
(69.798790 1.495020 -343.000000)
(69.758820 1.320778 -343.000000)
(69.365273 0.401474 -343.000000)
(68.971718 -0.517829 -343.000000)
(68.578171 -1.437133 -343.000000)
(68.304276 -2.076935 -343.000000)
(67.703453 -2.876315 -343.000000)
(67.179550 -3.573349 -343.000000)
(66.331848 -4.103824 -343.000000)
(65.698807 -4.499969 -343.000000)
(64.719025 -4.700034 -343.000000)
(63.739243 -4.900099 -343.000000)
(62.759460 -5.100164 -343.000000)
(62.040161 -5.247040 -343.000000)
(61.042595 -5.316777 -343.000000)
(60.045029 -5.386514 -343.000000)
(59.047466 -5.456251 -343.000000)
(58.070129 -5.524574 -343.000000)
(57.086231 -5.703308 -343.000000)
(56.200150 -5.864273 -343.000000)
(55.272991 -6.238943 -343.000000)
(54.530487 -6.538994 -343.000000)
(53.770962 -7.189473 -343.000000)
(53.011440 -7.839953 -343.000000)
(52.251915 -8.490433 -343.000000)
(51.690643 -8.971123 -343.000000)
(51.036793 -9.727746 -343.000000)
(50.382942 -10.484368 -343.000000)
(49.729088 -11.240992 -343.000000)
(49.075237 -11.997615 -343.000000)
(49.052078 -12.024414 -343.000000)
(48.321953 -12.707729 -343.000000)
(47.591831 -13.391044 -343.000000)
(46.861706 -14.074359 -343.000000)
(46.204681 -14.689262 -343.000000)
(45.322742 -15.160627 -343.000000)
(44.574509 -15.560532 -343.000000)
(43.596935 -15.771127 -343.000000)
(42.738327 -15.956093 -343.000000)
(41.738869 -15.923157 -343.000000)
(40.941544 -15.896881 -343.000000)
(39.975002 -15.640374 -343.000000)
(39.438324 -15.497948 -343.000000)
(38.573280 -14.996253 -343.000000)
(38.190536 -14.774277 -343.000000)
(37.484451 -14.066152 -343.000000)
(37.160072 -13.740837 -343.000000)
(36.690552 -12.857916 -343.000000)
(36.221031 -11.974995 -343.000000)
(35.751511 -11.092073 -343.000000)
(35.598602 -10.804535 -343.000000)
(35.322098 -9.843523 -343.000000)
(35.045589 -8.882510 -343.000000)
(34.769085 -7.921498 -343.000000)
(34.492577 -6.960486 -343.000000)
(34.448952 -6.808861 -343.000000)
(34.360626 -5.812769 -343.000000)
(34.272305 -4.816677 -343.000000)
(34.220055 -4.227417 -343.000000)
(34.331196 -3.233613 -343.000000)
(34.442341 -2.239808 -343.000000)
(34.553482 -1.246004 -343.000000)
(34.569275 -1.104797 -343.000000)
(34.824478 -0.137910 -343.000000)
(35.079681 0.828978 -343.000000)
(35.334885 1.795865 -343.000000)
(35.482361 2.354614 -343.000000)
(35.859520 3.280762 -343.000000)
(36.236683 4.206910 -343.000000)
(36.613842 5.133058 -343.000000)
(36.945068 5.946411 -343.000000)
(37.438740 6.816060 -343.000000)
(37.932411 7.685709 -343.000000)
(38.426083 8.555358 -343.000000)
(38.919750 9.425007 -343.000000)
(38.943146 9.466217 -343.000000)
(39.556564 10.255976 -343.000000)
(40.169979 11.045735 -343.000000)
(40.783398 11.835494 -343.000000)
(41.396812 12.625254 -343.000000)
(41.462341 12.709618 -343.000000)
(42.200867 13.383844 -343.000000)
(42.939392 14.058071 -343.000000)
(43.677914 14.732298 -343.000000)
(44.416439 15.406525 -343.000000)
(44.488419 15.472237 -343.000000)
(45.349537 15.980643 -343.000000)
(46.210651 16.489050 -343.000000)
(47.071770 16.997456 -343.000000)
(47.932888 17.505863 -343.000000)
(48.007095 17.549675 -343.000000)
(48.958836 17.856585 -343.000000)
(49.910572 18.163492 -343.000000)
(50.862312 18.470402 -343.000000)
(51.761581 18.760391 -343.000000)
(52.756222 18.863779 -343.000000)
(53.750862 18.967167 -343.000000)
(54.745506 19.070555 -343.000000)
(55.429962 19.141701 -343.000000)
(56.425716 19.049643 -343.000000)
(57.421471 18.957584 -343.000000)
(58.417221 18.865524 -343.000000)
(58.906677 18.820274 -343.000000)
(59.869076 18.548628 -343.000000)
(60.831470 18.276981 -343.000000)
(61.793869 18.005335 -343.000000)
(62.086227 17.922813 -343.000000)
(62.985981 17.486416 -343.000000)
(63.885735 17.050020 -343.000000)
(64.785492 16.613623 -343.000000)
(64.863068 16.575996 -343.000000)
(65.668480 15.983278 -343.000000)
(66.473885 15.390561 -343.000000)
(67.131638 14.906509 -343.000000)
(67.795242 14.158425 -343.000000)
(68.458847 13.410341 -343.000000)
(68.786438 13.041046 -343.000000)
(69.221741 12.140760 -343.000000)
(69.657036 11.240475 -343.000000)
(69.721924 11.106277 -343.000000)
(69.721924 11.106277 -342.000000)
(69.721924 11.106277 -341.000000)
(69.721924 11.106277 -340.000000)
(68.810455 10.694916 -340.000000)
(67.898979 10.283554 -340.000000)
(66.987511 9.872192 -340.000000)
(66.076035 9.460831 -340.000000)
(65.164566 9.049469 -340.000000)
(64.253090 8.638107 -340.000000)
(63.341621 8.226746 -340.000000)
(62.430145 7.815384 -340.000000)
(61.518677 7.404022 -340.000000)
(60.607201 6.992661 -340.000000)
(59.695728 6.581299 -340.000000)
(58.784256 6.169937 -340.000000)
(57.872784 5.758575 -340.000000)
(56.961311 5.347214 -340.000000)
(56.049839 4.935852 -340.000000)
(55.138367 4.524490 -340.000000)
(54.226898 4.113129 -340.000000)
(53.315426 3.701767 -340.000000)
(52.403954 3.290406 -340.000000)
(51.492481 2.879045 -340.000000)
(50.581009 2.467684 -340.000000)
(49.669540 2.056322 -340.000000)
(48.758064 1.644960 -340.000000)
(47.846596 1.233600 -340.000000)
(46.935123 0.822238 -340.000000)
(46.023651 0.410876 -340.000000)
(45.112183 -0.000485 -340.000000)
(44.200706 -0.411846 -340.000000)
(43.289238 -0.823208 -340.000000)
(42.377766 -1.234570 -340.000000)
(41.881973 -1.458328 -340.000000)
(41.881973 -1.458328 -341.000000)
(41.881973 -1.458328 -342.000000)
(41.881973 -1.458328 -343.000000)
(42.059887 -2.442374 -343.000000)
(42.237801 -3.426420 -343.000000)
(42.365662 -4.133629 -343.000000)
(42.924995 -4.962572 -343.000000)
(43.484325 -5.791515 -343.000000)
(43.687134 -6.092079 -343.000000)
(44.616531 -6.461157 -343.000000)
(45.492279 -6.808929 -343.000000)
(46.421680 -6.439854 -343.000000)
(47.297440 -6.092079 -343.000000)
(47.856773 -5.263136 -343.000000)
(48.416103 -4.434193 -343.000000)
(48.618912 -4.133629 -343.000000)
(48.796825 -3.149583 -343.000000)
(48.974739 -2.165537 -343.000000)
(49.102600 -1.458328 -343.000000)
(48.924686 -0.474282 -343.000000)
(48.746773 0.509764 -343.000000)
(48.618912 1.216972 -343.000000)
(48.059582 2.045916 -343.000000)
(47.500248 2.874861 -343.000000)
(47.297440 3.175430 -343.000000)
(46.368038 3.544502 -343.000000)
(45.492279 3.892273 -343.000000)
(44.562878 3.523198 -343.000000)
(43.687134 3.175430 -343.000000)
(43.127804 2.346486 -343.000000)
(42.568470 1.517542 -343.000000)
(42.365662 1.216972 -343.000000)
(42.187748 0.232926 -343.000000)
(42.009834 -0.751120 -343.000000)
(41.881973 -1.458328 -343.000000)
(41.881973 -1.458328 -342.000000)
(41.881973 -1.458328 -341.000000)
(41.881973 -1.458328 -340.000000)
(42.838715 -1.167390 -340.000000)
(43.795456 -0.876452 -340.000000)
(44.752197 -0.585514 -340.000000)
(45.708942 -0.294576 -340.000000)
(46.665684 -0.003638 -340.000000)
(47.622425 0.287300 -340.000000)
(48.579166 0.578237 -340.000000)
(49.535908 0.869175 -340.000000)
(50.492649 1.160113 -340.000000)
(51.449390 1.451051 -340.000000)
(52.406136 1.741989 -340.000000)
(53.362877 2.032927 -340.000000)
(54.319618 2.323865 -340.000000)
(55.276360 2.614803 -340.000000)
(56.233101 2.905741 -340.000000)
(57.189846 3.196679 -340.000000)
(58.146587 3.487617 -340.000000)
(59.103329 3.778555 -340.000000)
(59.977966 4.044525 -340.000000)
(59.977966 4.044525 -341.000000)
(59.977966 4.044525 -342.000000)
(59.977966 4.044525 -343.000000)
(60.940617 3.773778 -343.000000)
(61.903267 3.503030 -343.000000)
(62.171906 3.427475 -343.000000)
(63.125240 3.729388 -343.000000)
(64.078575 4.031301 -343.000000)
(64.236740 4.081390 -343.000000)
(64.856705 4.866020 -343.000000)
(65.476669 5.650651 -343.000000)
(65.619217 5.831062 -343.000000)
(65.756615 6.821578 -343.000000)
(65.894012 7.812094 -343.000000)
(65.948883 8.207649 -343.000000)
(65.624550 9.153593 -343.000000)
(65.300224 10.099537 -343.000000)
(65.137421 10.574364 -343.000000)
(64.427765 11.278913 -343.000000)
(63.718113 11.983463 -343.000000)
(63.402267 12.297035 -343.000000)
(62.439617 12.567782 -343.000000)
(61.476967 12.838531 -343.000000)
(61.208328 12.914085 -343.000000)
(60.254993 12.612172 -343.000000)
(59.301659 12.310259 -343.000000)
(59.143494 12.260170 -343.000000)
(58.523529 11.475541 -343.000000)
(57.903564 10.690912 -343.000000)
(57.761017 10.510506 -343.000000)
(57.623611 9.519991 -343.000000)
(57.486210 8.529476 -343.000000)
(57.431335 8.133911 -343.000000)
(57.755665 7.187967 -343.000000)
(58.079998 6.242023 -343.000000)
(58.242798 5.767197 -343.000000)
(58.952454 5.062650 -343.000000)
(59.662113 4.358104 -343.000000)
(59.977966 4.044525 -343.000000)
(59.977966 4.044525 -342.000000)
(59.977966 4.044525 -341.000000)
(59.977966 4.044525 -340.000000)
(59.102783 3.560730 -340.000000)
(58.227604 3.076935 -340.000000)
(57.352425 2.593139 -340.000000)
(56.477242 2.109344 -340.000000)
(55.602058 1.625549 -340.000000)
(54.726879 1.141754 -340.000000)
(53.851700 0.657959 -340.000000)
(52.976517 0.174163 -340.000000)
(52.101337 -0.309632 -340.000000)
(51.226154 -0.793427 -340.000000)
(50.350975 -1.277223 -340.000000)
(49.475792 -1.761018 -340.000000)
(48.600613 -2.244813 -340.000000)
(47.725430 -2.728608 -340.000000)
(46.850250 -3.212403 -340.000000)
(45.975067 -3.696198 -340.000000)
(45.099888 -4.179994 -340.000000)
(44.224709 -4.663789 -340.000000)
(43.349525 -5.147584 -340.000000)
(42.474342 -5.631380 -340.000000)
(41.599159 -6.115176 -340.000000)
(40.723976 -6.598971 -340.000000)
(39.848797 -7.082767 -340.000000)
(38.973618 -7.566563 -340.000000)
(38.098434 -8.050359 -340.000000)
(37.223251 -8.534155 -340.000000)
(36.348068 -9.017950 -340.000000)
(35.472885 -9.501746 -340.000000)
(34.597702 -9.985541 -340.000000)
(33.722523 -10.469337 -340.000000)
(32.847340 -10.953134 -340.000000)
(31.972158 -11.436929 -340.000000)
(31.096975 -11.920725 -340.000000)
(30.221794 -12.404520 -340.000000)
(29.346613 -12.888317 -340.000000)
(28.471430 -13.372112 -340.000000)
(27.596249 -13.855907 -340.000000)
(26.721066 -14.339705 -340.000000)
(26.261650 -14.593666 -340.000000)
(26.261650 -14.593666 -341.000000)
(26.261650 -14.593666 -342.000000)
(26.261650 -14.593666 -343.000000)
(25.480595 -15.218128 -343.000000)
(24.699541 -15.842590 -343.000000)
(23.918486 -16.467052 -343.000000)
(23.806366 -16.556694 -343.000000)
(23.278807 -17.406212 -343.000000)
(22.751247 -18.255730 -343.000000)
(22.223686 -19.105247 -343.000000)
(22.024666 -19.425728 -343.000000)
(21.820173 -20.404596 -343.000000)
(21.615679 -21.383465 -343.000000)
(21.411186 -22.362331 -343.000000)
(21.304855 -22.871315 -343.000000)
(21.391479 -23.867556 -343.000000)
(21.464500 -24.707359 -343.000000)
(21.758331 -25.663218 -343.000000)
(22.035233 -26.563999 -343.000000)
(22.035233 -26.563999 -342.000000)
(22.035233 -26.563999 -341.000000)
(22.035233 -26.563999 -340.000000)
(21.986422 -25.565191 -340.000000)
(21.937609 -24.566383 -340.000000)
(21.888798 -23.567575 -340.000000)
(21.839987 -22.568768 -340.000000)
(21.791176 -21.569958 -340.000000)
(21.742363 -20.571150 -340.000000)
(21.697121 -19.645363 -340.000000)
(21.697121 -19.645363 -341.000000)
(21.697121 -19.645363 -342.000000)
(21.697121 -19.645363 -343.000000)
(22.501724 -20.239176 -343.000000)
(23.306328 -20.832989 -343.000000)
(23.561157 -21.021057 -343.000000)
(24.450996 -21.477329 -343.000000)
(25.340837 -21.933601 -343.000000)
(25.550751 -22.041237 -343.000000)
(26.517950 -22.295259 -343.000000)
(27.485147 -22.549280 -343.000000)
(28.452347 -22.803303 -343.000000)
(29.419544 -23.057325 -343.000000)
(29.782784 -23.152725 -343.000000)
(30.782507 -23.176220 -343.000000)
(31.782232 -23.199715 -343.000000)
(32.781956 -23.223209 -343.000000)
(33.781681 -23.246704 -343.000000)
(34.145569 -23.255257 -343.000000)
(35.134705 -23.108250 -343.000000)
(36.123840 -22.961241 -343.000000)
(37.112976 -22.814234 -343.000000)
(38.102112 -22.667227 -343.000000)
(38.391464 -22.624222 -343.000000)
(39.354275 -22.354040 -343.000000)
(40.317081 -22.083857 -343.000000)
(41.279892 -21.813675 -343.000000)
(42.242702 -21.543493 -343.000000)
(42.272842 -21.535034 -343.000000)
(43.204792 -21.172443 -343.000000)
(44.136742 -20.809855 -343.000000)
(45.068687 -20.447264 -343.000000)
(45.542038 -20.263100 -343.000000)
(46.423294 -19.790459 -343.000000)
(47.304550 -19.317818 -343.000000)
(48.185802 -18.845179 -343.000000)
(49.067059 -18.372538 -343.000000)
(49.253357 -18.272621 -343.000000)
(49.949387 -17.554607 -343.000000)
(50.645416 -16.836594 -343.000000)
(51.341446 -16.118582 -343.000000)
(52.037476 -15.400568 -343.000000)
(52.679276 -14.738495 -343.000000)
(53.402630 -14.048018 -343.000000)
(54.125984 -13.357542 -343.000000)
(54.847076 -12.669228 -343.000000)
(55.673721 -12.106505 -343.000000)
(56.500370 -11.543783 -343.000000)
(57.213531 -11.058311 -343.000000)
(58.180820 -10.804628 -343.000000)
(59.148106 -10.550945 -343.000000)
(59.814240 -10.376244 -343.000000)
(60.812656 -10.320014 -343.000000)
(61.811077 -10.263784 -343.000000)
(62.677902 -10.214966 -343.000000)
(63.666462 -10.064143 -343.000000)
(64.655022 -9.913321 -343.000000)
(65.643585 -9.762499 -343.000000)
(65.715759 -9.751488 -343.000000)
(66.607079 -9.298112 -343.000000)
(67.498398 -8.844736 -343.000000)
(68.389717 -8.391359 -343.000000)
(68.839020 -8.162819 -343.000000)
(69.509392 -7.420794 -343.000000)
(70.179764 -6.678768 -343.000000)
(70.549896 -6.269073 -343.000000)
(71.008881 -5.380628 -343.000000)
(71.467865 -4.492184 -343.000000)
(71.791550 -3.865631 -343.000000)
(72.054497 -2.900820 -343.000000)
(72.317436 -1.936010 -343.000000)
(72.580383 -0.971199 -343.000000)
(72.843330 -0.006388 -343.000000)
(73.106277 0.958423 -343.000000)
(73.135559 1.065872 -343.000000)
(73.038025 1.635521 -343.000000)
(72.664383 1.934250 -343.000000)
(72.070847 2.068405 -343.000000)
(72.070847 2.068405 -342.000000)
(72.070847 2.068405 -341.000000)
(72.070847 2.068405 -340.000000)
(71.258919 1.484642 -340.000000)
(70.446999 0.900879 -340.000000)
(69.635071 0.317117 -340.000000)
(69.325806 0.094757 -340.000000)
(69.325806 0.094757 -341.000000)
(69.325806 0.094757 -342.000000)
(69.325806 0.094757 -343.000000)
(69.713768 1.016432 -343.000000)
(69.848801 1.337227 -343.000000)
(70.753799 1.762642 -343.000000)
(71.168106 1.957397 -343.000000)
(72.168106 1.959195 -343.000000)
(72.831696 1.960388 -343.000000)
(73.685059 1.439068 -343.000000)
(74.321503 1.050262 -343.000000)
(74.673904 0.114413 -343.000000)
(75.026306 -0.821436 -343.000000)
(75.119492 -1.068909 -343.000000)
(75.119492 -1.068909 -342.000000)
(75.119492 -1.068909 -341.000000)
(75.119492 -1.068909 -340.000000)
(74.426537 -1.789887 -340.000000)
(73.733574 -2.510866 -340.000000)
(73.040619 -3.231844 -340.000000)
(72.347664 -3.952823 -340.000000)
(71.654701 -4.673800 -340.000000)
(70.961746 -5.394779 -340.000000)
(70.268791 -6.115757 -340.000000)
(69.575829 -6.836736 -340.000000)
(68.882874 -7.557714 -340.000000)
(68.189919 -8.278692 -340.000000)
(67.496956 -8.999670 -340.000000)
(66.804001 -9.720648 -340.000000)
(66.111046 -10.441627 -340.000000)
(65.418083 -11.162604 -340.000000)
(64.725128 -11.883582 -340.000000)
(64.032173 -12.604560 -340.000000)
(63.339214 -13.325539 -340.000000)
(62.646255 -14.046516 -340.000000)
(61.953300 -14.767494 -340.000000)
(61.260342 -15.488473 -340.000000)
(60.567383 -16.209452 -340.000000)
(59.874428 -16.930429 -340.000000)
(59.181473 -17.651407 -340.000000)
(58.488514 -18.372385 -340.000000)
(57.795555 -19.093363 -340.000000)
(57.102600 -19.814341 -340.000000)
(56.409641 -20.535318 -340.000000)
(55.716682 -21.256296 -340.000000)
(55.023727 -21.977276 -340.000000)
(54.330769 -22.698254 -340.000000)
(53.637810 -23.419231 -340.000000)
(52.944855 -24.140209 -340.000000)
(52.251900 -24.861187 -340.000000)
(51.558941 -25.582165 -340.000000)
(50.865982 -26.303143 -340.000000)
(50.173027 -27.024122 -340.000000)
(49.480068 -27.745100 -340.000000)
(48.787109 -28.466078 -340.000000)
(48.094154 -29.187056 -340.000000)
(47.401196 -29.908033 -340.000000)
(46.708237 -30.629011 -340.000000)
(46.015282 -31.349989 -340.000000)
(45.322327 -32.070969 -340.000000)
(44.629364 -32.791946 -340.000000)
(43.936409 -33.512924 -340.000000)
(43.243454 -34.233902 -340.000000)
(42.550495 -34.954880 -340.000000)
(41.857536 -35.675858 -340.000000)
(41.164581 -36.396835 -340.000000)
(40.471622 -37.117813 -340.000000)
(39.778664 -37.838791 -340.000000)
(39.085709 -38.559769 -340.000000)
(38.392750 -39.280746 -340.000000)
(37.699795 -40.001728 -340.000000)
(37.006836 -40.722706 -340.000000)
(36.313877 -41.443684 -340.000000)
(35.620922 -42.164661 -340.000000)
(34.927963 -42.885639 -340.000000)
(34.235008 -43.606617 -340.000000)
(33.542049 -44.327595 -340.000000)
(32.849091 -45.048573 -340.000000)
(32.156136 -45.769550 -340.000000)
(31.463177 -46.490528 -340.000000)
(30.770222 -47.211506 -340.000000)
(30.082672 -47.926857 -340.000000)
(30.082672 -47.926857 -341.000000)
(30.082672 -47.926857 -342.000000)
(30.082672 -47.926857 -343.000000)
(30.951265 -47.431332 -343.000000)
(31.007309 -47.399361 -343.000000)
(31.496584 -48.271492 -343.000000)
(31.985857 -49.143620 -343.000000)
(32.475132 -50.015751 -343.000000)
(32.801453 -50.597416 -343.000000)
(33.157936 -51.531719 -343.000000)
(33.514420 -52.466019 -343.000000)
(33.870899 -53.400322 -343.000000)
(34.227383 -54.334625 -343.000000)
(34.583866 -55.268925 -343.000000)
(34.714485 -55.611263 -343.000000)
(35.003433 -56.568607 -343.000000)
(35.292377 -57.525955 -343.000000)
(35.581326 -58.483299 -343.000000)
(35.656189 -58.731342 -343.000000)
(36.088711 -59.632965 -343.000000)
(36.521236 -60.534588 -343.000000)
(36.953758 -61.436211 -343.000000)
(37.306686 -62.171913 -343.000000)
(37.882214 -62.989693 -343.000000)
(38.457745 -63.807476 -343.000000)
(39.033272 -64.625259 -343.000000)
(39.351654 -65.077652 -343.000000)
(40.165813 -65.658295 -343.000000)
(40.979977 -66.238930 -343.000000)
(41.476746 -66.593216 -343.000000)
(42.454437 -66.616653 -343.000000)
(43.331421 -66.235268 -343.000000)
(44.039154 -65.528793 -343.000000)
(44.746891 -64.822311 -343.000000)
(44.809280 -64.760033 -343.000000)
(45.396679 -63.950733 -343.000000)
(45.962219 -63.171547 -343.000000)
(46.745800 -62.550259 -343.000000)
(46.842178 -62.473843 -343.000000)
(47.405106 -63.079769 -343.000000)
(47.729862 -64.025566 -343.000000)
(47.825745 -64.304810 -343.000000)
(48.306141 -65.181862 -343.000000)
(48.484192 -65.506927 -343.000000)
(49.405884 -65.894852 -343.000000)
(49.760529 -66.044121 -343.000000)
(50.666008 -65.619736 -343.000000)
(51.389603 -65.280594 -343.000000)
(52.024235 -64.507782 -343.000000)
(52.658863 -63.734962 -343.000000)
(53.084290 -63.216904 -343.000000)
(53.569244 -62.342365 -343.000000)
(54.054195 -61.467823 -343.000000)
(54.539150 -60.593285 -343.000000)
(54.775101 -60.167786 -343.000000)
(55.173859 -59.250729 -343.000000)
(55.572620 -58.333675 -343.000000)
(55.971378 -57.416618 -343.000000)
(56.370136 -56.499561 -343.000000)
(56.392563 -56.447987 -343.000000)
(56.709412 -55.499512 -343.000000)
(57.026260 -54.551033 -343.000000)
(57.343109 -53.602558 -343.000000)
(57.659958 -52.654083 -343.000000)
(57.976807 -51.705605 -343.000000)
(58.293655 -50.757130 -343.000000)
(58.610504 -49.808655 -343.000000)
(58.927349 -48.860180 -343.000000)
(59.129425 -48.255276 -343.000000)
(59.350552 -47.280029 -343.000000)
(59.571678 -46.304787 -343.000000)
(59.792801 -45.329540 -343.000000)
(60.013927 -44.354294 -343.000000)
(60.235054 -43.379051 -343.000000)
(60.456181 -42.403805 -343.000000)
(60.677307 -41.428558 -343.000000)
(60.738953 -41.156673 -343.000000)
(60.833557 -40.161160 -343.000000)
(60.928162 -39.165642 -343.000000)
(61.022766 -38.170128 -343.000000)
(61.117371 -37.174614 -343.000000)
(61.211979 -36.179100 -343.000000)
(61.306583 -35.183582 -343.000000)
(61.375366 -34.459778 -343.000000)
(61.410202 -33.460384 -343.000000)
(61.445038 -32.460991 -343.000000)
(61.479874 -31.461597 -343.000000)
(61.514706 -30.462206 -343.000000)
(61.549541 -29.462812 -343.000000)
(61.584377 -28.463419 -343.000000)
(61.619213 -27.464027 -343.000000)
(61.629868 -27.158348 -343.000000)
(61.600880 -26.158768 -343.000000)
(61.571892 -25.159189 -343.000000)
(61.542908 -24.159609 -343.000000)
(61.513920 -23.160028 -343.000000)
(61.484932 -22.160450 -343.000000)
(61.455944 -21.160870 -343.000000)
(61.426956 -20.161289 -343.000000)
(61.397972 -19.161709 -343.000000)
(61.391266 -18.930504 -343.000000)
(60.552670 -19.475256 -343.000000)
(60.076309 -19.784698 -343.000000)
(60.076309 -19.784698 -342.000000)
(60.076309 -19.784698 -341.000000)
(60.076309 -19.784698 -340.000000)
(59.614414 -20.671633 -340.000000)
(59.152519 -21.558569 -340.000000)
(58.690624 -22.445503 -340.000000)
(58.228733 -23.332438 -340.000000)
(57.766838 -24.219374 -340.000000)
(57.304943 -25.106308 -340.000000)
(56.843048 -25.993244 -340.000000)
(56.381153 -26.880178 -340.000000)
(55.919258 -27.767113 -340.000000)
(55.457367 -28.654049 -340.000000)
(54.995472 -29.540981 -340.000000)
(54.533577 -30.427917 -340.000000)
(54.071682 -31.314854 -340.000000)
(53.609787 -32.201786 -340.000000)
(53.147892 -33.088722 -340.000000)
(52.686001 -33.975655 -340.000000)
(52.224106 -34.862591 -340.000000)
(51.762211 -35.749527 -340.000000)
(51.300316 -36.636459 -340.000000)
(50.838421 -37.523396 -340.000000)
(50.376526 -38.410332 -340.000000)
(49.914635 -39.297264 -340.000000)
(49.452740 -40.184200 -340.000000)
(48.990845 -41.071136 -340.000000)
(48.528950 -41.958069 -340.000000)
(48.067055 -42.845001 -340.000000)
(47.605164 -43.731941 -340.000000)
(47.143269 -44.618874 -340.000000)
(46.681374 -45.505806 -340.000000)
(46.219479 -46.392742 -340.000000)
(45.757584 -47.279678 -340.000000)
(45.295692 -48.166611 -340.000000)
(44.833797 -49.053547 -340.000000)
(44.371902 -49.940483 -340.000000)
(43.910007 -50.827415 -340.000000)
(43.448112 -51.714352 -340.000000)
(42.986221 -52.601284 -340.000000)
(42.524323 -53.488220 -340.000000)
(42.062431 -54.375156 -340.000000)
(41.600536 -55.262089 -340.000000)
(41.138641 -56.149025 -340.000000)
(40.676750 -57.035961 -340.000000)
(40.214851 -57.922894 -340.000000)
(39.752960 -58.809830 -340.000000)
(39.291065 -59.696762 -340.000000)
(38.829170 -60.583698 -340.000000)
(38.367275 -61.470634 -340.000000)
(37.905380 -62.357567 -340.000000)
(37.694107 -62.763260 -340.000000)
(37.694107 -62.763260 -341.000000)
(37.694107 -62.763260 -342.000000)
(37.694107 -62.763260 -343.000000)
(37.204426 -61.891357 -343.000000)
(37.102631 -61.710110 -343.000000)
(37.988407 -61.245998 -343.000000)
(38.874184 -60.781883 -343.000000)
(39.759956 -60.317772 -343.000000)
(40.645733 -59.853657 -343.000000)
(41.531509 -59.389545 -343.000000)
(42.354004 -58.958588 -343.000000)
(43.307247 -58.656380 -343.000000)
(44.260487 -58.354172 -343.000000)
(45.213730 -58.051964 -343.000000)
(46.166973 -57.749756 -343.000000)
(46.605835 -57.610622 -343.000000)
(47.605415 -57.581661 -343.000000)
(48.604996 -57.552700 -343.000000)
(49.604576 -57.523735 -343.000000)
(50.604156 -57.494774 -343.000000)
(50.718719 -57.491455 -343.000000)
(51.700531 -57.681309 -343.000000)
(52.682346 -57.871162 -343.000000)
(53.664158 -58.061012 -343.000000)
(54.645969 -58.250866 -343.000000)
(55.553253 -58.426308 -343.000000)
(55.161552 -59.346401 -343.000000)
(55.120163 -59.443623 -343.000000)
(55.120163 -59.443623 -342.000000)
(55.120163 -59.443623 -341.000000)
(55.120163 -59.443623 -340.000000)
(54.218479 -59.011230 -340.000000)
(53.316795 -58.578835 -340.000000)
(52.415108 -58.146442 -340.000000)
(51.513424 -57.714046 -340.000000)
(50.611740 -57.281654 -340.000000)
(49.710052 -56.849258 -340.000000)
(48.808369 -56.416866 -340.000000)
(47.906685 -55.984470 -340.000000)
(47.004997 -55.552078 -340.000000)
(46.103313 -55.119682 -340.000000)
(45.201630 -54.687290 -340.000000)
(44.299946 -54.254898 -340.000000)
(43.398262 -53.822502 -340.000000)
(42.496574 -53.390110 -340.000000)
(41.594891 -52.957714 -340.000000)
(40.693207 -52.525322 -340.000000)
(39.791519 -52.092926 -340.000000)
(38.889835 -51.660534 -340.000000)
(37.988152 -51.228138 -340.000000)
(37.086464 -50.795746 -340.000000)
(36.184784 -50.363350 -340.000000)
(35.283096 -49.930958 -340.000000)
(34.381413 -49.498566 -340.000000)
(33.479729 -49.066170 -340.000000)
(32.578041 -48.633778 -340.000000)
(31.676359 -48.201382 -340.000000)
(30.774673 -47.768990 -340.000000)
(29.872990 -47.336594 -340.000000)
(28.971304 -46.904202 -340.000000)
(28.069620 -46.471809 -340.000000)
(27.167934 -46.039413 -340.000000)
(26.266251 -45.607018 -340.000000)
(25.364565 -45.174625 -340.000000)
(24.462879 -44.742233 -340.000000)
(23.561193 -44.309837 -340.000000)
(22.659508 -43.877441 -340.000000)
(21.757824 -43.445049 -340.000000)
(20.856140 -43.012657 -340.000000)
(19.954456 -42.580261 -340.000000)
(19.052769 -42.147869 -340.000000)
(18.151085 -41.715477 -340.000000)
(17.249401 -41.283081 -340.000000)
(16.347717 -40.850685 -340.000000)
(15.446030 -40.418293 -340.000000)
(14.544346 -39.985901 -340.000000)
(13.642662 -39.553505 -340.000000)
(12.740978 -39.121109 -340.000000)
(11.839294 -38.688717 -340.000000)
(10.937607 -38.256325 -340.000000)
(10.035923 -37.823929 -340.000000)
(9.134239 -37.391537 -340.000000)
(8.232555 -36.959145 -340.000000)
(7.330868 -36.526749 -340.000000)
(6.429184 -36.094353 -340.000000)
(5.527500 -35.661961 -340.000000)
(4.625816 -35.229568 -340.000000)
(3.724129 -34.797173 -340.000000)
(2.822445 -34.364777 -340.000000)
(1.920761 -33.932388 -340.000000)
(1.019077 -33.499992 -340.000000)
(0.117390 -33.067596 -340.000000)
(-0.784294 -32.635204 -340.000000)
(-1.685978 -32.202812 -340.000000)
(-2.587662 -31.770416 -340.000000)
(-3.489349 -31.338022 -340.000000)
(-4.391033 -30.905628 -340.000000)
(-5.292717 -30.473234 -340.000000)
(-6.194405 -30.040840 -340.000000)
(-7.096092 -29.608444 -340.000000)
(-7.997784 -29.176048 -340.000000)
(-8.899467 -28.743652 -340.000000)
(-9.801155 -28.311258 -340.000000)
(-10.702850 -27.878862 -340.000000)
(-11.604538 -27.446466 -340.000000)
(-12.506226 -27.014072 -340.000000)
(-13.407913 -26.581676 -340.000000)
(-14.309601 -26.149281 -340.000000)
(-15.211288 -25.716885 -340.000000)
(-16.112976 -25.284489 -340.000000)
(-17.014664 -24.852093 -340.000000)
(-17.916351 -24.419697 -340.000000)
(-18.818039 -23.987301 -340.000000)
(-19.719727 -23.554905 -340.000000)
(-20.621422 -23.122513 -340.000000)
(-21.523109 -22.690117 -340.000000)
(-22.424797 -22.257721 -340.000000)
(-23.326485 -21.825325 -340.000000)
(-24.228172 -21.392929 -340.000000)
(-25.129860 -20.960533 -340.000000)
(-26.031548 -20.528137 -340.000000)
(-26.933235 -20.095741 -340.000000)
(-27.834923 -19.663345 -340.000000)
(-28.736610 -19.230949 -340.000000)
(-29.638298 -18.798557 -340.000000)
(-30.539993 -18.366161 -340.000000)
(-31.441681 -17.933765 -340.000000)
(-32.343369 -17.501369 -340.000000)
(-33.245056 -17.068974 -340.000000)
(-34.146744 -16.636578 -340.000000)
(-35.048431 -16.204182 -340.000000)
(-35.950119 -15.771786 -340.000000)
(-36.851807 -15.339390 -340.000000)
(-37.753494 -14.906998 -340.000000)
(-38.655182 -14.474602 -340.000000)
(-39.556870 -14.042206 -340.000000)
(-40.458565 -13.609810 -340.000000)
(-41.360252 -13.177414 -340.000000)
(-42.261940 -12.745018 -340.000000)
(-43.163628 -12.312622 -340.000000)
(-44.065315 -11.880226 -340.000000)
(-44.967003 -11.447830 -340.000000)
(-45.868690 -11.015434 -340.000000)
(-46.770378 -10.583042 -340.000000)
(-47.672066 -10.150646 -340.000000)
(-48.573753 -9.718250 -340.000000)
(-49.475441 -9.285854 -340.000000)
(-50.377136 -8.853458 -340.000000)
(-51.278824 -8.421062 -340.000000)
(-52.180511 -7.988667 -340.000000)
(-53.082199 -7.556271 -340.000000)
(-53.983887 -7.123875 -340.000000)
(-54.885574 -6.691483 -340.000000)
(-55.787262 -6.259087 -340.000000)
(-56.688950 -5.826691 -340.000000)
(-57.590637 -5.394295 -340.000000)
(-58.492325 -4.961899 -340.000000)
(-59.394012 -4.529503 -340.000000)
(-60.295700 -4.097107 -340.000000)
(-61.197395 -3.664711 -340.000000)
(-62.099083 -3.232315 -340.000000)
(-63.000771 -2.799919 -340.000000)
(-63.902458 -2.367527 -340.000000)
(-64.804146 -1.935131 -340.000000)
(-65.069717 -1.807777 -340.000000)
(-65.069717 -1.807777 -341.000000)
(-65.069717 -1.807777 -342.000000)
(-65.069717 -1.807777 -343.000000)
(-65.416840 -2.745598 -343.000000)
(-65.763954 -3.683419 -343.000000)
(-66.080566 -4.538818 -343.000000)
(-66.555550 -5.418811 -343.000000)
(-67.030540 -6.298805 -343.000000)
(-67.505524 -7.178798 -343.000000)
(-67.980507 -8.058791 -343.000000)
(-68.150581 -8.373878 -343.000000)
(-68.897392 -9.038912 -343.000000)
(-69.468086 -9.547112 -343.000000)
(-70.435562 -9.800066 -343.000000)
(-71.120071 -9.979034 -343.000000)
(-72.055115 -9.624495 -343.000000)
(-72.990150 -9.269954 -343.000000)
(-73.226868 -9.180199 -343.000000)
(-73.882248 -8.424899 -343.000000)
(-74.537628 -7.669600 -343.000000)
(-74.999451 -7.137367 -343.000000)
(-75.346794 -6.199629 -343.000000)
(-75.694138 -5.261892 -343.000000)
(-76.020409 -4.381058 -343.000000)
(-75.970100 -3.382324 -343.000000)
(-75.919792 -2.383591 -343.000000)
(-75.872353 -1.441780 -343.000000)
(-75.487511 -0.518797 -343.000000)
(-75.102669 0.404185 -343.000000)
(-74.841660 1.030174 -343.000000)
(-74.192268 1.790631 -343.000000)
(-73.542885 2.551089 -343.000000)
(-73.525185 2.571815 -343.000000)
(-72.551224 2.798548 -343.000000)
(-71.971283 2.933556 -343.000000)
(-71.118568 2.411178 -343.000000)
(-70.265854 1.888801 -343.000000)
(-70.228294 1.865791 -343.000000)
(-69.739853 0.993194 -343.000000)
(-69.597260 0.738449 -343.000000)
(-69.509056 -0.257653 -343.000000)
(-69.471130 -0.685959 -343.000000)
(-69.752701 -1.645499 -343.000000)
(-70.034271 -2.605039 -343.000000)
(-70.315849 -3.564579 -343.000000)
(-70.406761 -3.874397 -343.000000)
(-70.993988 -4.683817 -343.000000)
(-71.581223 -5.493237 -343.000000)
(-72.168449 -6.302658 -343.000000)
(-72.381569 -6.596413 -343.000000)
(-73.194115 -7.179312 -343.000000)
(-73.554413 -7.437782 -343.000000)
(-74.521767 -7.691199 -343.000000)
(-74.741943 -7.748878 -343.000000)
(-75.701714 -7.468079 -343.000000)
(-75.966080 -7.390732 -343.000000)
(-76.778656 -6.807881 -343.000000)
(-77.337784 -6.406830 -343.000000)
(-77.991905 -5.650438 -343.000000)
(-78.612350 -4.932983 -343.000000)
(-79.066864 -4.042243 -343.000000)
(-79.521378 -3.151502 -343.000000)
(-79.545090 -3.105026 -343.000000)
(-79.818848 -2.143227 -343.000000)
(-80.092606 -1.181428 -343.000000)
(-80.273827 -0.544731 -343.000000)
(-80.379417 0.449678 -343.000000)
(-80.485008 1.444088 -343.000000)
(-80.581276 2.350647 -343.000000)
(-80.413002 3.336388 -343.000000)
(-80.311752 3.929520 -343.000000)
(-79.839005 4.810718 -343.000000)
(-79.679855 5.107368 -343.000000)
(-78.833488 5.639973 -343.000000)
(-78.696617 5.726105 -343.000000)
(-77.699371 5.651906 -343.000000)
(-77.373024 5.627625 -343.000000)
(-76.566330 5.036652 -343.000000)
(-76.207100 4.773483 -343.000000)
(-75.870850 3.831712 -343.000000)
(-75.731400 3.441154 -343.000000)
(-75.806984 2.444015 -343.000000)
(-75.848854 1.891647 -343.000000)
(-76.226204 0.965578 -343.000000)
(-76.462372 0.386002 -343.000000)
(-77.171089 -0.319489 -343.000000)
(-77.879807 -1.024980 -343.000000)
(-78.037025 -1.181480 -343.000000)
(-78.983513 -1.504229 -343.000000)
(-79.667267 -1.737389 -343.000000)
(-80.562340 -1.291466 -343.000000)
(-81.051117 -1.047958 -343.000000)
(-81.538521 -0.174779 -343.000000)
(-82.025917 0.698399 -343.000000)
(-82.064903 0.768242 -343.000000)
(-82.301041 1.739961 -343.000000)
(-82.537178 2.711680 -343.000000)
(-82.688179 3.333038 -343.000000)
(-82.760323 4.330432 -343.000000)
(-82.832458 5.327827 -343.000000)
(-82.900482 6.268272 -343.000000)
(-82.900482 6.268272 -342.000000)
(-82.900482 6.268272 -341.000000)
(-82.900482 6.268272 -340.000000)
(-81.903328 6.192875 -340.000000)
(-80.906174 6.117478 -340.000000)
(-79.909019 6.042081 -340.000000)
(-78.911865 5.966685 -340.000000)
(-77.914711 5.891288 -340.000000)
(-76.917564 5.815891 -340.000000)
(-75.920410 5.740494 -340.000000)
(-74.923256 5.665098 -340.000000)
(-73.926102 5.589701 -340.000000)
(-72.928947 5.514304 -340.000000)
(-71.931793 5.438907 -340.000000)
(-70.934639 5.363511 -340.000000)
(-69.937485 5.288114 -340.000000)
(-68.940331 5.212717 -340.000000)
(-67.943176 5.137320 -340.000000)
(-66.946022 5.061924 -340.000000)
(-65.948868 4.986526 -340.000000)
(-64.951721 4.911130 -340.000000)
(-63.954563 4.835733 -340.000000)
(-62.957413 4.760336 -340.000000)
(-61.960258 4.684939 -340.000000)
(-60.963104 4.609543 -340.000000)
(-59.965950 4.534146 -340.000000)
(-58.968800 4.458749 -340.000000)
(-57.971649 4.383353 -340.000000)
(-56.974495 4.307956 -340.000000)
(-55.977341 4.232559 -340.000000)
(-54.980190 4.157163 -340.000000)
(-53.983040 4.081766 -340.000000)
(-52.985886 4.006369 -340.000000)
(-51.988731 3.930972 -340.000000)
(-50.991577 3.855576 -340.000000)
(-49.994427 3.780179 -340.000000)
(-48.997276 3.704782 -340.000000)
(-48.000122 3.629386 -340.000000)
(-47.002972 3.553989 -340.000000)
(-46.005817 3.478592 -340.000000)
(-45.008667 3.403196 -340.000000)
(-44.011513 3.327799 -340.000000)
(-43.014359 3.252402 -340.000000)
(-42.017208 3.177006 -340.000000)
(-41.020054 3.101609 -340.000000)
(-40.022900 3.026212 -340.000000)
(-39.025745 2.950815 -340.000000)
(-38.028591 2.875418 -340.000000)
(-37.031437 2.800021 -340.000000)
(-36.034283 2.724624 -340.000000)
(-35.037125 2.649227 -340.000000)
(-34.039970 2.573831 -340.000000)
(-33.042816 2.498434 -340.000000)
(-32.045662 2.423037 -340.000000)
(-31.048508 2.347640 -340.000000)
(-30.051353 2.272243 -340.000000)
(-29.054195 2.196846 -340.000000)
(-28.057041 2.121449 -340.000000)
(-27.059887 2.046052 -340.000000)
(-26.062733 1.970655 -340.000000)
(-25.065578 1.895258 -340.000000)
(-24.068420 1.819862 -340.000000)
(-23.071266 1.744465 -340.000000)
(-22.074112 1.669068 -340.000000)
(-21.076958 1.593671 -340.000000)
(-20.079803 1.518274 -340.000000)
(-19.082649 1.442877 -340.000000)
(-18.085495 1.367480 -340.000000)
(-17.088341 1.292084 -340.000000)
(-16.091187 1.216687 -340.000000)
(-15.094025 1.141290 -340.000000)
(-14.096870 1.065893 -340.000000)
(-13.099716 0.990496 -340.000000)
(-12.102562 0.915099 -340.000000)
(-11.105408 0.839702 -340.000000)
(-10.108253 0.764306 -340.000000)
(-9.111099 0.688909 -340.000000)
(-8.113945 0.613512 -340.000000)
(-7.116791 0.538115 -340.000000)
(-6.119637 0.462718 -340.000000)
(-5.122482 0.387321 -340.000000)
(-4.125328 0.311924 -340.000000)
(-3.128166 0.236527 -340.000000)
(-2.131012 0.161130 -340.000000)
(-1.133858 0.085733 -340.000000)
(-0.136703 0.010336 -340.000000)
(0.000000 0.000000 -340.000000)
