(839 1039 1078)
(843 1029 1084)
(847 1019 1091)
(851 1009 1097)
(855 999 1104)
(859 989 1110)
(863 979 1117)
(867 970 1123)
(871 960 1130)
(875 950 1137)
(880 940 1143)
(884 931 1150)
(888 921 1157)
(893 912 1164)
(897 902 1171)
(902 893 1178)
(906 883 1185)
(911 874 1192)
(916 865 1199)
(920 855 1206)
(925 846 1213)
(930 837 1221)
(935 828 1228)
(940 819 1235)
(945 810 1243)
(950 801 1250)
(955 792 1258)
(960 783 1265)
(965 774 1273)
(971 765 1280)
(976 756 1288)
(981 748 1296)
(987 739 1303)
(992 730 1311)
(998 722 1319)
(1003 713 1327)
(1009 705 1335)
(1014 697 1343)
(1020 688 1351)
(1026 680 1359)
(1032 672 1367)
(1038 664 1375)
(1043 655 1383)
(1049 647 1391)
(1055 639 1399)
(1061 632 1407)
(1067 624 1415)
(1081 643 1429)
(1095 661 1442)
(1110 679 1456)
(1112 672 1466)
(1112 672 1467)
(1113 666 1478)
(1113 665 1478)
(1124 661 1475)
(1134 656 1473)
(1145 651 1470)
(1156 646 1468)
(1167 642 1465)
(1177 637 1463)
(1188 633 1461)
(1191 631 1460)
(1202 628 1456)
(1212 625 1452)
(1223 622 1448)
(1233 618 1444)
(1244 615 1440)
(1254 612 1436)
(1265 609 1432)
(1267 609 1432)
(1277 607 1426)
(1287 605 1421)
(1297 604 1416)
(1307 602 1410)
(1317 601 1405)
(1327 599 1400)
(1337 598 1395)
(1339 598 1394)
(1348 598 1387)
(1357 598 1381)
(1366 598 1374)
(1376 598 1368)
(1385 598 1361)
(1395 598 1355)
(1404 598 1348)
(1406 598 1347)
(1414 600 1339)
(1423 601 1332)
(1431 603 1324)
(1440 604 1317)
(1448 606 1309)
(1457 608 1302)
(1465 610 1294)
(1469 610 1291)
(1476 613 1283)
(1483 616 1275)
(1491 619 1266)
(1498 623 1258)
(1506 626 1250)
(1513 629 1242)
(1521 632 1233)
(1526 634 1228)
(1532 639 1219)
(1538 643 1210)
(1545 647 1201)
(1551 652 1193)
(1557 656 1184)
(1564 661 1175)
(1570 666 1166)
(1577 670 1158)
(1582 676 1149)
(1587 681 1140)
(1592 687 1130)
(1598 693 1121)
(1603 699 1112)
(1608 704 1103)
(1614 710 1094)
(1619 716 1085)
(1621 718 1082)
(1626 725 1073)
(1630 732 1064)
(1634 738 1054)
(1639 745 1045)
(1642 750 1039)
(1646 757 1030)
(1649 764 1020)
(1653 771 1011)
(1657 779 1002)
(1659 783 997)
(1661 791 987)
(1664 799 978)
(1667 807 969)
(1669 815 960)
(1672 823 951)
(1675 831 942)
(1678 839 932)
(1681 848 923)
(1683 854 916)
(1684 863 907)
(1686 872 898)
(1687 880 889)
(1689 889 881)
(1691 898 872)
(1692 907 863)
(1694 916 854)
(1696 925 846)
(1696 928 843)
(1697 937 835)
(1697 946 826)
(1698 956 818)
(1699 965 809)
(1699 974 801)
(1700 984 793)
(1701 994 784)
(1702 1000 779)
(1702 1009 771)
(1701 1019 763)
(1701 1029 755)
(1701 1039 747)
(1701 1048 739)
(1701 1058 732)
(1701 1066 726)
(1701 1076 718)
(1700 1086 711)
(1699 1096 703)
(1699 1106 696)
(1698 1116 689)
(1698 1121 685)
(1696 1131 678)
(1694 1142 671)
(1692 1152 664)
(1691 1162 657)
(1689 1172 651)
(1687 1182 644)
(1687 1184 643)
(1683 1194 637)
(1679 1204 631)
(1675 1213 626)
(1674 1217 623)
(1667 1225 619)
(1665 1227 619)
(1655 1232 617)
(1651 1234 617)
(1640 1233 619)
(1637 1233 620)
(1626 1229 625)
(1622 1227 627)
(1612 1221 632)
(1608 1220 634)
(1598 1218 637)
(1593 1225 634)
(1591 1235 628)
(1591 1239 626)
(1590 1249 619)
(1589 1252 618)
(1583 1259 615)
(1571 1259 618)
(1560 1259 621)
(1551 1258 623)
(1540 1254 628)
(1529 1250 633)
(1524 1249 636)
(1515 1242 642)
(1507 1236 648)
(1504 1226 655)
(1512 1219 658)
(1520 1211 660)
(1526 1206 662)
(1536 1201 663)
(1546 1195 664)
(1556 1190 665)
(1565 1185 666)
(1576 1181 666)
(1587 1178 666)
(1598 1175 665)
(1610 1171 665)
(1620 1168 665)
(1632 1167 664)
(1644 1166 662)
(1656 1166 661)
(1667 1165 659)
(1679 1164 658)
(1691 1163 656)
(1692 1163 656)
(1690 1174 650)
(1689 1179 646)
(1678 1164 628)
(1666 1149 610)
(1655 1134 591)
(1644 1137 591)
(1632 1141 590)
(1621 1144 590)
(1610 1148 589)
(1599 1152 589)
(1588 1155 588)
(1577 1159 588)
(1566 1163 588)
(1555 1167 588)
(1544 1171 587)
(1533 1175 587)
(1523 1179 587)
(1512 1183 587)
(1501 1188 588)
(1490 1192 588)
(1479 1196 588)
(1468 1201 588)
(1458 1205 589)
(1447 1209 589)
(1436 1214 590)
(1425 1219 590)
(1415 1223 591)
(1404 1228 591)
(1393 1233 592)
(1383 1237 593)
(1372 1242 594)
(1362 1247 595)
(1351 1252 596)
(1341 1257 597)
(1330 1262 598)
(1320 1267 599)
(1309 1272 600)
(1299 1277 601)
(1288 1282 603)
(1278 1287 604)
(1268 1293 606)
(1257 1298 607)
(1247 1303 609)
(1237 1309 610)
(1227 1314 612)
(1216 1320 614)
(1206 1325 616)
(1196 1331 617)
(1186 1337 619)
(1176 1342 621)
(1166 1348 624)
(1156 1354 626)
(1146 1360 628)
(1136 1366 630)
(1126 1372 632)
(1116 1378 635)
(1106 1384 637)
(1096 1390 640)
(1086 1396 642)
(1077 1402 645)
(1067 1408 648)
(1057 1414 650)
(1048 1420 653)
(1038 1427 656)
(1028 1433 659)
(1019 1440 662)
(1009 1446 665)
(1000 1452 668)
(990 1459 671)
(981 1466 674)
(971 1472 678)
(962 1479 681)
(953 1485 684)
(943 1492 688)
(934 1499 691)
(925 1506 695)
(916 1513 699)
(907 1519 702)
(897 1526 706)
(888 1533 710)
(879 1540 714)
(870 1547 718)
(862 1554 722)
(853 1562 726)
(844 1569 730)
(835 1576 734)
(826 1583 738)
(818 1590 742)
(809 1598 747)
(800 1605 751)
(792 1612 755)
(783 1620 760)
(778 1624 763)
(794 1637 780)
(810 1649 798)
(826 1661 815)
(835 1661 807)
(845 1660 799)
(855 1659 792)
(865 1658 784)
(875 1658 776)
(885 1657 769)
(895 1657 761)
(897 1657 760)
(907 1654 753)
(917 1652 746)
(927 1649 740)
(937 1647 733)
(943 1646 730)
(952 1640 725)
(962 1635 720)
(971 1630 715)
(980 1625 711)
(989 1619 707)
(998 1613 703)
(1007 1606 699)
(1016 1600 695)
(1025 1595 692)
(1010 1582 674)
(995 1569 656)
(981 1557 637)
(989 1549 635)
(998 1541 632)
(1006 1534 630)
(1015 1526 627)
(1024 1519 625)
(1033 1511 622)
(1041 1504 620)
(1050 1497 618)
(1059 1489 616)
(1068 1482 614)
(1077 1475 612)
(1086 1467 610)
(1095 1460 608)
(1104 1453 606)
(1113 1446 604)
(1122 1439 602)
(1131 1432 600)
(1141 1425 599)
(1150 1418 597)
(1159 1411 596)
(1168 1404 594)
(1178 1397 593)
(1187 1391 592)
(1196 1384 590)
(1206 1377 589)
(1215 1370 588)
(1225 1364 587)
(1234 1357 586)
(1244 1351 585)
(1253 1344 584)
(1263 1338 583)
(1273 1331 583)
(1282 1325 582)
(1292 1319 581)
(1297 1315 581)
(1310 1329 600)
(1323 1343 618)
(1336 1357 636)
(1346 1352 635)
(1356 1346 635)
(1363 1342 634)
(1372 1336 634)
(1381 1329 634)
(1391 1323 634)
(1400 1316 635)
(1409 1310 635)
(1409 1310 635)
(1418 1303 636)
(1427 1296 637)
(1436 1289 638)
(1445 1282 639)
(1454 1275 641)
(1462 1267 643)
(1470 1259 645)
(1478 1251 647)
(1486 1244 650)
(1494 1237 652)
(1501 1228 655)
(1508 1219 659)
(1515 1211 662)
(1522 1203 666)
(1528 1196 669)
(1533 1186 673)
(1539 1177 678)
(1544 1168 683)
(1550 1159 688)
(1554 1151 692)
(1558 1142 698)
(1561 1132 704)
(1565 1122 710)
(1569 1112 716)
(1572 1104 722)
(1573 1094 729)
(1574 1084 736)
(1575 1074 743)
(1577 1064 751)
(1578 1054 758)
(1578 1053 759)
(1577 1044 767)
(1576 1034 775)
(1575 1024 783)
(1574 1015 791)
(1573 1005 799)
(1572 999 804)
(1560 984 787)
(1548 967 770)
(1537 951 752)
(1528 959 748)
(1520 966 744)
(1511 974 740)
(1503 982 736)
(1494 989 732)
(1486 997 728)
(1478 1005 724)
(1469 1013 720)
(1461 1020 717)
(1453 1028 713)
(1445 1036 709)
(1437 1044 706)
(1428 1052 702)
(1420 1060 699)
(1412 1069 695)
(1404 1077 692)
(1396 1085 689)
(1388 1093 686)
(1380 1102 682)
(1373 1110 679)
(1365 1118 676)
(1357 1127 673)
(1349 1135 670)
(1341 1144 668)
(1334 1152 665)
(1326 1161 662)
(1318 1169 659)
(1311 1178 657)
(1303 1187 654)
(1296 1196 652)
(1288 1204 649)
(1281 1213 647)
(1273 1222 645)
(1273 1223 644)
(1286 1237 663)
(1299 1252 681)
(1312 1266 699)
(1316 1276 691)
(1320 1285 684)
(1323 1295 677)
(1327 1305 669)
(1331 1315 662)
(1335 1324 655)
(1339 1334 648)
(1343 1344 641)
(1344 1347 639)
(1346 1357 633)
(1349 1367 626)
(1352 1378 619)
(1354 1388 613)
(1357 1399 607)
(1360 1410 600)
(1363 1420 594)
(1366 1431 588)
(1369 1442 582)
(1369 1442 581)
(1371 1453 575)
(1373 1464 570)
(1375 1475 564)
(1377 1486 559)
(1378 1497 553)
(1381 1508 548)
(1383 1520 542)
(1385 1531 537)
(1385 1533 536)
(1386 1545 531)
(1387 1556 526)
(1388 1567 522)
(1388 1571 520)
(1388 1582 516)
(1387 1593 513)
(1387 1599 511)
(1384 1610 508)
(1381 1621 505)
(1375 1630 504)
(1373 1634 504)
(1363 1640 505)
(1363 1641 505)
(1352 1643 509)
(1341 1642 514)
(1330 1641 518)
(1319 1642 522)
(1313 1643 524)
(1308 1652 523)
(1306 1656 523)
(1307 1667 519)
(1308 1673 517)
(1307 1684 514)
(1306 1690 513)
(1301 1697 513)
(1292 1703 515)
(1292 1703 515)
(1281 1704 520)
(1269 1705 525)
(1266 1705 526)
(1255 1703 532)
(1244 1701 537)
(1233 1699 543)
(1231 1698 544)
(1220 1695 550)
(1209 1692 556)
(1198 1688 563)
(1188 1685 569)
(1178 1681 575)
(1168 1676 582)
(1158 1672 588)
(1147 1668 595)
(1142 1666 598)
(1133 1661 605)
(1123 1656 612)
(1113 1651 619)
(1104 1646 626)
(1096 1642 632)
(1087 1637 639)
(1078 1631 646)
(1069 1626 653)
(1059 1621 661)
(1052 1616 667)
(1044 1610 674)
(1035 1604 682)
(1027 1598 689)
(1018 1592 697)
(1013 1588 702)
(1006 1581 710)
(998 1573 717)
(991 1566 725)
(984 1559 733)
(982 1558 735)
(967 1545 717)
(952 1532 699)
(937 1519 681)
(948 1518 674)
(958 1518 667)
(969 1517 660)
(979 1516 654)
(990 1516 647)
(1001 1515 640)
(1012 1515 634)
(1022 1514 627)
(1033 1514 621)
(1044 1514 615)
(1055 1513 608)
(1066 1513 602)
(1077 1513 596)
(1087 1513 590)
(1098 1513 584)
(1109 1513 578)
(1120 1513 572)
(1132 1513 566)
(1143 1513 560)
(1154 1513 555)
(1165 1513 549)
(1176 1514 543)
(1187 1514 538)
(1199 1514 532)
(1210 1515 527)
(1221 1515 522)
(1232 1516 516)
(1244 1517 511)
(1255 1517 506)
(1266 1518 501)
(1278 1519 496)
(1289 1520 491)
(1301 1520 486)
(1312 1521 481)
(1324 1522 476)
(1335 1523 472)
(1347 1524 467)
(1350 1525 465)
(1363 1538 485)
(1376 1551 504)
(1389 1564 523)
(1386 1552 528)
(1386 1552 528)
(1375 1553 532)
(1364 1554 536)
(1357 1555 538)
(1347 1559 540)
(1336 1563 543)
(1327 1567 545)
(1317 1572 547)
(1308 1578 549)
(1298 1584 551)
(1296 1585 551)
(1288 1592 552)
(1279 1599 554)
(1270 1606 555)
(1268 1608 555)
(1261 1617 556)
(1254 1625 556)
(1246 1634 556)
(1239 1642 557)
(1232 1651 558)
(1227 1658 558)
(1222 1668 557)
(1217 1678 557)
(1217 1679 556)
(1216 1690 553)
(1216 1694 552)
(1227 1698 546)
(1228 1698 546)
(1214 1686 527)
(1200 1673 508)
(1187 1661 489)
(1176 1656 495)
(1166 1652 502)
(1155 1647 508)
(1145 1643 515)
(1134 1638 521)
(1124 1634 528)
(1114 1630 535)
(1103 1625 542)
(1093 1621 548)
(1083 1617 555)
(1073 1613 562)
(1062 1609 570)
(1052 1605 577)
(1042 1601 584)
(1032 1597 591)
(1022 1593 598)
(1012 1589 606)
(1002 1585 613)
(992 1581 621)
(983 1578 628)
(973 1574 636)
(963 1570 644)
(953 1567 652)
(943 1563 659)
(934 1560 667)
(924 1557 675)
(915 1553 683)
(905 1550 691)
(896 1547 699)
(886 1543 707)
(877 1540 716)
(867 1537 724)
(858 1534 732)
(849 1531 741)
(839 1528 749)
(830 1525 758)
(821 1522 766)
(812 1520 775)
(803 1517 783)
(794 1514 792)
(785 1512 801)
(776 1509 810)
(767 1506 819)
(758 1504 827)
(749 1502 836)
(740 1499 845)
(732 1497 855)
(723 1495 864)
(714 1492 873)
(706 1490 882)
(697 1488 891)
(689 1486 901)
(680 1484 910)
(672 1482 919)
(663 1480 929)
(655 1478 938)
(647 1476 948)
(639 1475 957)
(630 1473 967)
(622 1471 977)
(614 1470 986)
(606 1468 996)
(598 1466 1006)
(590 1465 1016)
(582 1464 1026)
(575 1462 1035)
(567 1461 1045)
(559 1460 1055)
(552 1458 1065)
(544 1457 1076)
(536 1456 1086)
(529 1455 1096)
(521 1454 1106)
(514 1453 1116)
(507 1452 1126)
(499 1452 1137)
(492 1451 1147)
(485 1450 1158)
(478 1449 1168)
(471 1449 1178)
(464 1448 1189)
(457 1448 1199)
(450 1447 1210)
(443 1447 1220)
(437 1446 1231)
(430 1446 1242)
(423 1446 1252)
(417 1446 1263)
(410 1446 1274)
(404 1445 1285)
(397 1445 1295)
(391 1445 1306)
(385 1445 1317)
(378 1446 1328)
(372 1446 1339)
(366 1446 1350)
(360 1446 1361)
(354 1447 1372)
(348 1447 1383)
(342 1447 1394)
(336 1448 1405)
(331 1448 1416)
(325 1449 1427)
(319 1450 1439)
(314 1450 1450)
(308 1451 1461)
(303 1452 1472)
(298 1453 1483)
(292 1454 1495)
(287 1455 1506)
(282 1456 1517)
(277 1457 1529)
(272 1458 1540)
(267 1459 1552)
(262 1460 1563)
(257 1462 1575)
(252 1463 1586)
(248 1464 1598)
(243 1466 1609)
(238 1467 1621)
(234 1469 1632)
(229 1470 1644)
(225 1472 1656)
(221 1474 1667)
(216 1476 1679)
(212 1477 1691)
(208 1479 1702)
(204 1481 1714)
(200 1483 1726)
(196 1485 1737)
(216 1498 1749)
(235 1512 1761)
(254 1525 1773)
(254 1530 1764)
(255 1535 1754)
(256 1541 1744)
(256 1546 1735)
(256 1548 1731)
(257 1554 1722)
(257 1560 1713)
(257 1567 1704)
(257 1573 1696)
(258 1575 1693)
(257 1582 1685)
(257 1590 1677)
(257 1597 1669)
(258 1604 1661)
(258 1612 1653)
(258 1619 1645)
(258 1627 1637)
(259 1634 1629)
(259 1638 1624)
(259 1646 1617)
(259 1654 1609)
(260 1662 1602)
(260 1670 1594)
(261 1678 1587)
(261 1686 1579)
(262 1694 1572)
(262 1702 1565)
(263 1710 1557)
(264 1718 1550)
(265 1726 1542)
(267 1733 1534)
(268 1741 1527)
(269 1749 1519)
(271 1757 1511)
(272 1764 1504)
(274 1772 1496)
(275 1780 1489)
(277 1786 1483)
(279 1793 1475)
(281 1800 1467)
(284 1807 1459)
(286 1814 1451)
(289 1820 1442)
(293 1826 1433)
(296 1832 1424)
(298 1836 1418)
(302 1841 1409)
(306 1845 1399)
(310 1850 1390)
(312 1852 1386)
(317 1856 1376)
(321 1859 1366)
(326 1863 1356)
(327 1863 1355)
(333 1866 1344)
(338 1868 1334)
(344 1870 1324)
(350 1871 1313)
(356 1872 1302)
(362 1872 1293)
(368 1871 1282)
(375 1870 1272)
(382 1869 1261)
(389 1868 1251)
(396 1867 1240)
(400 1866 1234)
(407 1863 1224)
(415 1860 1213)
(422 1857 1203)
(429 1854 1193)
(437 1851 1183)
(441 1849 1178)
(449 1845 1168)
(456 1840 1159)
(464 1836 1150)
(472 1831 1141)
(479 1827 1131)
(483 1825 1127)
(491 1819 1118)
(499 1814 1109)
(506 1808 1101)
(514 1803 1092)
(522 1798 1084)
(525 1796 1081)
(533 1790 1073)
(540 1784 1065)
(548 1778 1057)
(556 1772 1049)
(564 1767 1042)
(572 1761 1034)
(580 1755 1027)
(588 1749 1019)
(597 1743 1011)
(605 1737 1004)
(613 1732 996)
(621 1726 989)
(630 1720 982)
(638 1715 974)
(640 1714 973)
(648 1707 966)
(657 1701 959)
(665 1695 953)
(674 1689 946)
(682 1683 939)
(691 1677 933)
(700 1672 926)
(708 1666 920)
(717 1660 913)
(721 1658 911)
(729 1651 905)
(738 1644 899)
(746 1638 894)
(755 1631 888)
(764 1625 882)
(764 1624 882)
(773 1617 877)
(781 1610 872)
(790 1602 867)
(798 1595 863)
(807 1588 858)
(812 1584 855)
(820 1576 851)
(829 1569 848)
(837 1561 844)
(845 1553 840)
(854 1546 836)
(862 1538 833)
(864 1537 832)
(872 1528 829)
(880 1520 826)
(889 1512 823)
(897 1504 820)
(905 1496 818)
(914 1488 815)
(922 1480 812)
(922 1480 812)
(930 1471 810)
(939 1463 808)
(947 1455 807)
(955 1446 805)
(963 1438 803)
(971 1430 801)
(979 1421 800)
(987 1413 798)
(995 1404 798)
(1002 1395 797)
(1010 1387 797)
(1018 1378 797)
(1025 1369 797)
(1033 1360 796)
(1041 1351 796)
(1049 1343 796)
(1053 1338 796)
(1060 1328 797)
(1067 1319 798)
(1074 1309 800)
(1081 1300 801)
(1084 1296 801)
(1090 1287 804)
(1096 1277 806)
(1103 1267 808)
(1109 1257 811)
(1112 1253 812)
(1117 1243 815)
(1122 1233 819)
(1128 1223 823)
(1133 1213 826)
(1136 1207 828)
(1140 1197 833)
(1144 1187 838)
(1148 1176 843)
(1152 1166 848)
(1155 1159 852)
(1158 1149 858)
(1160 1139 864)
(1163 1129 871)
(1166 1118 877)
(1169 1109 883)
(1170 1099 890)
(1171 1089 898)
(1172 1079 905)
(1174 1070 913)
(1175 1060 920)
(1176 1057 922)
(1175 1048 931)
(1175 1038 939)
(1175 1029 947)
(1175 1020 956)
(1175 1011 964)
(1175 1003 971)
(1174 995 980)
(1173 986 989)
(1171 978 998)
(1170 969 1008)
(1169 961 1017)
(1168 953 1026)
(1167 948 1031)
(1165 941 1040)
(1162 933 1050)
(1160 926 1059)
(1158 918 1069)
(1156 911 1079)
(1154 904 1089)
(1152 896 1098)
(1151 894 1102)
(1148 887 1112)
(1145 880 1122)
(1142 874 1132)
(1139 867 1142)
(1136 861 1152)
(1133 855 1162)
(1130 848 1172)
(1127 842 1182)
(1126 840 1186)
(1123 834 1196)
(1119 829 1206)
(1116 823 1217)
(1112 818 1227)
(1109 813 1237)
(1105 807 1248)
(1102 802 1258)
(1099 797 1268)
(1096 792 1279)
(1094 789 1284)
(1090 785 1295)
(1086 780 1305)
(1082 776 1316)
(1079 771 1326)
(1075 767 1337)
(1071 763 1348)
(1068 759 1358)
(1064 755 1369)
(1061 751 1380)
(1057 747 1390)
(1054 743 1399)
(1062 735 1405)
(1067 729 1409)
(1053 712 1395)
(1039 694 1381)
(1024 676 1368)
(1016 676 1376)
(1008 676 1385)
(1001 676 1394)
(993 677 1404)
(985 677 1413)
(978 677 1422)
(970 677 1431)
(963 678 1440)
(955 678 1449)
(948 679 1458)
(941 680 1468)
(933 680 1477)
(926 681 1486)
(919 682 1496)
(911 683 1505)
(904 684 1515)
(897 685 1524)
(890 686 1534)
(883 687 1543)
(876 688 1553)
(869 689 1562)
(862 690 1572)
(856 692 1581)
(849 693 1591)
(842 695 1601)
(835 696 1610)
(829 698 1620)
(822 699 1630)
(816 701 1640)
(809 703 1650)
(803 705 1659)
(796 706 1669)
(790 708 1679)
(784 710 1689)
(778 712 1699)
(771 715 1709)
(767 716 1717)
(783 734 1729)
(799 751 1741)
(815 768 1753)
(807 773 1760)
(799 778 1768)
(791 782 1776)
(783 787 1783)
(775 792 1791)
(767 797 1799)
(759 802 1807)
(756 804 1810)
(747 810 1817)
(739 816 1824)
(731 822 1830)
(722 828 1837)
(714 834 1844)
(706 840 1851)
(698 846 1858)
(698 846 1858)
(690 853 1863)
(681 861 1869)
(673 868 1874)
(664 875 1880)
(656 882 1886)
(648 889 1892)
(643 894 1895)
(634 902 1900)
(625 910 1904)
(617 918 1909)
(609 927 1913)
(600 935 1918)
(592 943 1923)
(589 946 1924)
(581 955 1928)
(572 964 1931)
(564 973 1935)
(556 982 1938)
(548 991 1942)
(539 1000 1945)
(539 1001 1945)
(530 1010 1948)
(522 1020 1950)
(514 1029 1952)
(506 1039 1955)
(498 1048 1957)
(491 1057 1959)
(483 1067 1961)
(476 1077 1962)
(468 1087 1963)
(460 1097 1964)
(453 1107 1966)
(447 1114 1967)
(440 1124 1967)
(433 1134 1967)
(426 1144 1967)
(418 1155 1967)
(411 1165 1968)
(408 1170 1968)
(409 1171 1956)
(409 1172 1950)
(391 1157 1939)
(372 1142 1927)
(354 1127 1916)
(361 1117 1911)
(369 1107 1906)
(376 1098 1901)
(383 1088 1896)
(391 1079 1891)
(399 1069 1886)
(406 1060 1881)
(414 1051 1876)
(422 1041 1871)
(429 1032 1866)
(437 1023 1862)
(445 1014 1857)
(453 1004 1853)
(461 995 1848)
(469 986 1844)
(478 977 1839)
(486 968 1835)
(494 959 1830)
(502 951 1826)
(511 942 1822)
(519 933 1817)
(528 924 1813)
(536 916 1809)
(545 907 1805)
(554 898 1801)
(562 890 1797)
(571 881 1793)
(580 873 1789)
(589 865 1785)
(598 856 1782)
(607 848 1778)
(616 840 1774)
(625 831 1770)
(634 823 1767)
(643 815 1763)
(652 807 1760)
(662 799 1756)
(671 791 1753)
(680 783 1749)
(690 776 1746)
(699 768 1743)
(709 760 1740)
(718 752 1736)
(728 745 1733)
(738 737 1730)
(747 730 1727)
(757 722 1724)
(765 716 1722)
(781 734 1734)
(797 751 1746)
(813 769 1758)
(812 767 1764)
(815 762 1775)
(815 761 1777)
(821 754 1786)
(827 747 1793)
(835 739 1798)
(844 731 1802)
(852 723 1807)
(862 715 1808)
(870 709 1809)
(879 702 1805)
(886 698 1803)
(894 693 1797)
(901 690 1792)
(908 686 1784)
(915 683 1776)
(921 681 1766)
(928 679 1757)
(934 677 1747)
(940 676 1738)
(947 674 1728)
(953 672 1719)
(960 670 1709)
(967 669 1700)
(973 667 1691)
(977 666 1685)
(985 664 1677)
(993 661 1669)
(1001 658 1661)
(1009 656 1653)
(1013 654 1649)
(1022 652 1642)
(1030 649 1635)
(1039 646 1627)
(1048 644 1620)
(1056 641 1613)
(1064 639 1605)
(1071 638 1596)
(1076 637 1592)
(1082 637 1582)
(1089 637 1573)
(1092 637 1567)
(1097 639 1557)
(1101 641 1546)
(1105 642 1538)
(1107 646 1527)
(1109 650 1516)
(1111 654 1505)
(1111 654 1504)
(1111 659 1493)
(1111 665 1482)
(1111 670 1471)
(1112 674 1463)
(1109 681 1452)
(1106 688 1442)
(1106 689 1440)
(1099 697 1432)
(1097 700 1429)
(1089 708 1422)
(1089 709 1422)
(1081 717 1417)
(1072 725 1412)
(1064 733 1407)
(1060 737 1404)
(1051 745 1400)
(1043 753 1396)
(1034 761 1391)
(1026 769 1387)
(1017 778 1382)
(1009 786 1378)
(1001 795 1374)
(1000 795 1374)
(993 804 1369)
(985 812 1364)
(977 821 1359)
(969 830 1355)
(962 838 1350)
(954 847 1345)
(947 856 1341)
(939 865 1336)
(932 874 1332)
(930 876 1331)
(922 885 1327)
(914 894 1323)
(906 903 1320)
(899 911 1317)
(890 920 1315)
(885 925 1314)
(876 933 1315)
(873 935 1316)
(863 941 1321)
(853 946 1325)
(850 948 1327)
(841 950 1334)
(833 953 1342)
(831 953 1344)
(824 953 1354)
(817 953 1364)
(813 953 1370)
(808 950 1380)
(803 948 1391)
(798 946 1402)
(796 945 1406)
(793 940 1417)
(790 936 1427)
(788 932 1438)
(785 928 1449)
(784 925 1456)
(783 920 1466)
(783 914 1477)
(782 909 1488)
(782 903 1498)
(781 898 1509)
(781 894 1515)
(782 888 1526)
(783 882 1536)
(784 876 1546)
(785 870 1557)
(787 864 1567)
(787 861 1572)
(790 854 1582)
(793 847 1591)
(796 840 1601)
(799 833 1611)
(800 831 1614)
(804 824 1623)
(808 816 1633)
(810 812 1638)
(812 806 1649)
(815 800 1659)
(816 797 1663)
(816 793 1674)
(817 788 1685)
(818 784 1697)
(818 780 1708)
(818 779 1710)
(817 776 1721)
(816 773 1733)
(815 770 1744)
(815 770 1745)
(813 769 1756)
(813 769 1758)
(797 751 1746)
(781 734 1734)
(765 716 1722)
(755 724 1724)
(745 732 1726)
(735 740 1727)
(726 748 1729)
(716 756 1731)
(706 764 1733)
(697 772 1736)
(687 780 1738)
(678 789 1740)
(668 797 1742)
(659 805 1744)
(650 814 1747)
(640 822 1749)
(631 831 1752)
(622 839 1754)
(613 848 1757)
(604 856 1759)
(594 865 1762)
(585 874 1765)
(577 882 1767)
(568 891 1770)
(559 900 1773)
(550 909 1776)
(541 918 1779)
(533 927 1782)
(524 936 1785)
(515 945 1788)
(507 954 1791)
(498 964 1794)
(490 973 1797)
(482 982 1801)
(473 992 1804)
(465 1001 1807)
(457 1010 1811)
(449 1020 1814)
(441 1029 1818)
(433 1039 1821)
(425 1048 1825)
(417 1058 1829)
(409 1068 1832)
(401 1077 1836)
(393 1087 1840)
(386 1097 1844)
(378 1107 1848)
(371 1117 1852)
(363 1127 1856)
(356 1137 1860)
(348 1147 1864)
(341 1157 1868)
(334 1167 1872)
(327 1177 1876)
(320 1187 1881)
(313 1197 1885)
(306 1208 1889)
(299 1218 1894)
(292 1228 1898)
(285 1239 1903)
(278 1249 1907)
(272 1259 1912)
(265 1270 1917)
(259 1280 1921)
(252 1291 1926)
(246 1301 1931)
(240 1312 1936)
(233 1323 1941)
(227 1333 1946)
(221 1344 1951)
(218 1349 1953)
(237 1363 1965)
(256 1377 1976)
(275 1391 1987)
(269 1402 1988)
(264 1413 1989)
(258 1424 1990)
(253 1436 1991)
(247 1447 1992)
(242 1458 1993)
(240 1461 1994)
(235 1472 1993)
(231 1483 1992)
(227 1492 1992)
(223 1502 1989)
(218 1513 1986)
(216 1519 1984)
(213 1528 1978)
(210 1536 1971)
(209 1541 1968)
(208 1547 1959)
(207 1553 1950)
(206 1558 1942)
(207 1561 1931)
(207 1564 1920)
(208 1567 1910)
(208 1568 1905)
(210 1569 1893)
(212 1569 1881)
(214 1570 1870)
(216 1571 1858)
(217 1571 1854)
(220 1569 1842)
(224 1567 1830)
(227 1565 1818)
(228 1565 1815)
(233 1558 1804)
(238 1551 1794)
(242 1546 1786)
(248 1536 1780)
(254 1526 1773)
(258 1518 1768)
(263 1507 1766)
(269 1496 1763)
(274 1485 1761)
(279 1474 1761)
(284 1463 1762)
(288 1452 1763)
(290 1449 1763)
(294 1439 1766)
(298 1428 1769)
(302 1418 1773)
(303 1414 1774)
(306 1404 1780)
(309 1395 1786)
(313 1386 1792)
(314 1382 1794)
(316 1375 1802)
(317 1368 1811)
(319 1361 1819)
(320 1358 1822)
(322 1351 1831)
(323 1345 1840)
(325 1338 1848)
(327 1332 1857)
(327 1330 1860)
(330 1322 1867)
(333 1314 1874)
(337 1305 1881)
(338 1302 1884)
(343 1293 1889)
(347 1283 1894)
(351 1275 1899)
(357 1265 1902)
(363 1255 1905)
(366 1249 1906)
(372 1239 1908)
(378 1228 1910)
(384 1218 1911)
(391 1208 1913)
(392 1206 1913)
(398 1196 1916)
(402 1189 1918)
(406 1181 1926)
(408 1178 1929)
(409 1174 1939)
(410 1172 1945)
(409 1171 1957)
(408 1170 1963)
(406 1172 1975)
(404 1173 1983)
(400 1178 1994)
(397 1181 2001)
(391 1188 2010)
(388 1192 2016)
(381 1201 2022)
(377 1208 2026)
(370 1218 2028)
(365 1227 2030)
(358 1237 2028)
(352 1247 2026)
(351 1249 2025)
(345 1259 2021)
(340 1268 2017)
(334 1278 2014)
(329 1288 2010)
(324 1298 2006)
(318 1307 2002)
(313 1317 1999)
(308 1327 1995)
(307 1330 1994)
(301 1340 1992)
(296 1351 1989)
(291 1361 1987)
(285 1371 1987)
(280 1382 1987)
(275 1391 1987)
(256 1377 1976)
(237 1363 1965)
(218 1349 1953)
(222 1344 1942)
(226 1339 1930)
(230 1334 1919)
(234 1330 1908)
(238 1325 1896)
(242 1320 1885)
(247 1315 1874)
(251 1311 1862)
(256 1306 1851)
(260 1302 1840)
(265 1297 1829)
(269 1293 1817)
(274 1288 1806)
(279 1284 1795)
(283 1280 1784)
(288 1276 1773)
(293 1271 1762)
(298 1267 1751)
(303 1263 1740)
(309 1259 1729)
(314 1255 1718)
(319 1251 1707)
(324 1247 1696)
(330 1244 1685)
(335 1240 1674)
(341 1236 1663)
(346 1233 1652)
(352 1229 1642)
(358 1226 1631)
(364 1222 1620)
(369 1219 1609)
(375 1215 1599)
(381 1212 1588)
(387 1209 1577)
(393 1206 1567)
(400 1202 1556)
(406 1199 1546)
(412 1196 1535)
(418 1193 1525)
(425 1190 1514)
(431 1187 1504)
(438 1185 1493)
(444 1182 1483)
(451 1179 1473)
(458 1176 1462)
(465 1174 1452)
(471 1171 1442)
(478 1169 1431)
(485 1166 1421)
(492 1164 1411)
(499 1162 1401)
(506 1159 1391)
(514 1157 1381)
(521 1155 1370)
(528 1153 1360)
(535 1151 1350)
(543 1149 1340)
(550 1147 1331)
(558 1145 1321)
(565 1143 1311)
(573 1141 1301)
(580 1140 1291)
(588 1138 1281)
(596 1136 1272)
(604 1135 1262)
(612 1133 1252)
(620 1132 1243)
(628 1130 1233)
(636 1129 1223)
(644 1128 1214)
(652 1127 1204)
(660 1125 1195)
(668 1124 1186)
(676 1123 1176)
(685 1122 1167)
(692 1121 1159)
(709 1136 1174)
(725 1151 1189)
(741 1166 1204)
(745 1172 1194)
(748 1177 1185)
(750 1185 1176)
(751 1191 1168)
(750 1201 1160)
(749 1208 1154)
(746 1218 1149)
(744 1227 1144)
(738 1237 1141)
(734 1246 1138)
(727 1256 1138)
(722 1264 1138)
(713 1273 1140)
(707 1279 1142)
(698 1286 1147)
(690 1292 1151)
(681 1297 1159)
(674 1300 1165)
(665 1302 1174)
(658 1304 1181)
(651 1303 1191)
(645 1303 1199)
(639 1300 1210)
(634 1297 1219)
(630 1291 1229)
(627 1287 1238)
(625 1279 1247)
(624 1273 1254)
(625 1264 1262)
(626 1256 1268)
(629 1246 1273)
(631 1237 1278)
(637 1227 1281)
(641 1218 1283)
(648 1208 1284)
(654 1200 1284)
(662 1191 1281)
(669 1184 1280)
(678 1177 1275)
(685 1172 1271)
(694 1167 1263)
(702 1163 1257)
(710 1161 1249)
(717 1159 1241)
(724 1160 1231)
(731 1160 1223)
(736 1163 1213)
(741 1166 1204)
(725 1151 1189)
(709 1136 1174)
(692 1121 1159)
(682 1127 1165)
(673 1133 1171)
(664 1139 1177)
(654 1144 1183)
(645 1150 1189)
(635 1156 1195)
(626 1162 1202)
(617 1168 1208)
(608 1174 1215)
(599 1181 1221)
(590 1187 1227)
(581 1193 1234)
(580 1193 1234)
(597 1208 1249)
(614 1223 1264)
(631 1237 1278)
(637 1227 1280)
(638 1224 1281)
(646 1222 1272)
(654 1221 1262)
(662 1219 1253)
(668 1217 1247)
(675 1219 1236)
(681 1221 1226)
(687 1223 1216)
(691 1224 1210)
(695 1230 1200)
(699 1235 1190)
(704 1240 1180)
(706 1243 1174)
(708 1251 1165)
(710 1259 1156)
(712 1267 1147)
(713 1273 1140)
(704 1281 1144)
(703 1282 1144)
(686 1268 1129)
(669 1254 1114)
(653 1240 1098)
(643 1244 1106)
(634 1248 1113)
(625 1252 1121)
(616 1257 1129)
(607 1261 1136)
(598 1266 1144)
(589 1270 1152)
(580 1275 1160)
(571 1280 1168)
(562 1284 1176)
(553 1289 1184)
(544 1294 1192)
(536 1299 1200)
(527 1304 1208)
(519 1309 1216)
(510 1314 1224)
(502 1319 1233)
(493 1324 1241)
(485 1329 1249)
(476 1334 1258)
(468 1339 1266)
(460 1345 1274)
(452 1350 1283)
(444 1355 1291)
(436 1361 1300)
(428 1366 1309)
(420 1372 1317)
(412 1377 1326)
(404 1383 1335)
(397 1389 1343)
(389 1394 1352)
(381 1400 1361)
(374 1406 1370)
(366 1412 1379)
(359 1418 1388)
(351 1424 1397)
(344 1430 1406)
(337 1436 1415)
(330 1442 1424)
(323 1448 1433)
(316 1454 1443)
(309 1461 1452)
(302 1467 1461)
(302 1467 1461)
(320 1480 1475)
(339 1493 1488)
(358 1507 1501)
(361 1511 1491)
(362 1514 1485)
(364 1521 1476)
(364 1525 1471)
(364 1534 1465)
(364 1539 1461)
(361 1549 1457)
(360 1555 1454)
(357 1566 1453)
(355 1573 1452)
(350 1584 1454)
(347 1590 1455)
(341 1600 1460)
(338 1606 1462)
(331 1615 1469)
(328 1620 1473)
(321 1626 1483)
(318 1630 1488)
(311 1634 1498)
(308 1636 1504)
(303 1638 1515)
(300 1639 1522)
(295 1637 1533)
(293 1636 1539)
(290 1632 1549)
(288 1629 1555)
(287 1622 1564)
(287 1619 1569)
(287 1610 1575)
(287 1605 1579)
(289 1594 1583)
(291 1588 1585)
(294 1577 1587)
(296 1571 1587)
(301 1559 1586)
(304 1553 1585)
(310 1543 1580)
(313 1537 1578)
(319 1528 1571)
(323 1523 1567)
(329 1516 1558)
(333 1513 1552)
(339 1508 1542)
(343 1506 1536)
(348 1505 1525)
(351 1504 1519)
(355 1506 1508)
(358 1507 1501)
(339 1493 1488)
(320 1480 1475)
(302 1467 1461)
(295 1473 1471)
(288 1479 1480)
(281 1485 1490)
(275 1491 1499)
(268 1497 1509)
(262 1504 1519)
(255 1510 1529)
(249 1516 1538)
(243 1522 1547)
(262 1535 1560)
(282 1548 1573)
(300 1561 1586)
(306 1550 1583)
(310 1550 1572)
(315 1550 1560)
(319 1550 1550)
(323 1552 1539)
(327 1555 1528)
(330 1557 1517)
(332 1558 1514)
(335 1562 1504)
(338 1566 1493)
(341 1571 1483)
(341 1572 1481)
(343 1578 1471)
(345 1584 1462)
(347 1589 1456)
(342 1600 1458)
(341 1601 1459)
(323 1588 1445)
(304 1575 1431)
(285 1563 1418)
(285 1572 1411)
(285 1581 1404)
(285 1590 1397)
(286 1599 1391)
(286 1609 1384)
(287 1618 1377)
(287 1627 1371)
(288 1636 1364)
(288 1646 1358)
(289 1655 1351)
(290 1665 1345)
(290 1674 1338)
(291 1683 1332)
(292 1692 1327)
(311 1704 1341)
(330 1716 1355)
(348 1728 1369)
(352 1734 1360)
(355 1740 1351)
(359 1746 1342)
(361 1749 1336)
(366 1753 1326)
(371 1757 1316)
(376 1761 1306)
(377 1762 1305)
(383 1764 1294)
(389 1765 1284)
(395 1767 1273)
(396 1767 1272)
(403 1767 1261)
(409 1766 1251)
(416 1766 1240)
(421 1766 1233)
(428 1763 1223)
(435 1760 1214)
(442 1753 1206)
(448 1748 1200)
(454 1739 1194)
(460 1729 1189)
(467 1720 1184)
(471 1713 1180)
(477 1703 1176)
(483 1692 1172)
(489 1682 1168)
(495 1672 1164)
(501 1663 1159)
(507 1654 1155)
(515 1646 1148)
(521 1640 1143)
(529 1635 1135)
(537 1631 1126)
(545 1626 1118)
(552 1623 1111)
(560 1619 1102)
(568 1617 1093)
(577 1614 1084)
(585 1611 1075)
(585 1611 1075)
(594 1607 1067)
(603 1603 1058)
(611 1599 1050)
(619 1595 1043)
(628 1589 1036)
(635 1584 1030)
(642 1575 1026)
(649 1567 1022)
(655 1557 1020)
(660 1549 1018)
(665 1538 1019)
(668 1532 1019)
(671 1521 1021)
(672 1516 1023)
(672 1506 1028)
(673 1501 1030)
(671 1491 1037)
(669 1482 1045)
(667 1473 1052)
(666 1470 1055)
(663 1462 1063)
(659 1455 1072)
(656 1447 1081)
(652 1440 1089)
(652 1439 1091)
(647 1433 1100)
(642 1427 1110)
(639 1424 1115)
(633 1420 1125)
(627 1416 1135)
(621 1413 1145)
(620 1412 1147)
(613 1410 1157)
(606 1408 1167)
(599 1406 1177)
(596 1405 1183)
(588 1405 1193)
(581 1404 1203)
(574 1404 1213)
(568 1404 1222)
(560 1405 1232)
(552 1406 1242)
(545 1408 1252)
(537 1409 1262)
(537 1409 1262)
(529 1412 1271)
(521 1415 1281)
(514 1418 1290)
(506 1421 1300)
(505 1422 1301)
(497 1426 1310)
(489 1431 1318)
(482 1436 1327)
(474 1441 1336)
(473 1442 1337)
(465 1449 1344)
(458 1456 1351)
(450 1463 1359)
(442 1470 1366)
(442 1471 1367)
(435 1480 1373)
(427 1489 1378)
(420 1497 1384)
(414 1506 1390)
(407 1516 1394)
(401 1526 1398)
(395 1537 1401)
(390 1544 1404)
(385 1555 1406)
(379 1566 1408)
(374 1577 1410)
(372 1582 1411)
(367 1594 1412)
(363 1605 1412)
(359 1616 1412)
(358 1620 1412)
(355 1631 1411)
(352 1642 1409)
(349 1654 1408)
(349 1655 1408)
(347 1666 1405)
(346 1677 1401)
(344 1686 1399)
(344 1696 1393)
(344 1706 1388)
(344 1711 1385)
(346 1719 1378)
(348 1727 1370)
(348 1728 1369)
(330 1716 1355)
(311 1704 1341)
(292 1692 1327)
(299 1683 1319)
(305 1674 1311)
(312 1666 1304)
(319 1658 1296)
(325 1649 1289)
(332 1641 1281)
(339 1632 1274)
(346 1624 1266)
(353 1616 1259)
(360 1608 1252)
(367 1599 1245)
(375 1591 1237)
(382 1583 1230)
(389 1575 1223)
(397 1567 1216)
(404 1559 1209)
(412 1551 1202)
(419 1543 1195)
(427 1535 1188)
(435 1527 1182)
(442 1520 1175)
(450 1512 1168)
(458 1504 1162)
(466 1497 1155)
(474 1489 1148)
(482 1481 1142)
(490 1474 1135)
(499 1466 1129)
(507 1459 1123)
(515 1451 1116)
(520 1447 1113)
(537 1460 1128)
(555 1474 1144)
(572 1487 1159)
(576 1493 1149)
(580 1500 1140)
(583 1504 1134)
(584 1514 1127)
(585 1524 1120)
(585 1527 1118)
(581 1538 1117)
(578 1549 1115)
(570 1556 1121)
(562 1564 1127)
(554 1565 1136)
(546 1567 1146)
(543 1568 1149)
(537 1565 1159)
(530 1562 1170)
(526 1560 1177)
(522 1554 1186)
(518 1548 1195)
(515 1543 1202)
(514 1534 1209)
(513 1525 1216)
(513 1521 1218)
(517 1510 1219)
(521 1500 1221)
(529 1492 1215)
(536 1484 1209)
(544 1482 1199)
(552 1480 1190)
(555 1480 1186)
(561 1482 1176)
(567 1485 1166)
(572 1487 1159)
(555 1474 1144)
(537 1460 1128)
(520 1447 1113)
(512 1456 1118)
(504 1464 1123)
(496 1473 1129)
(488 1481 1134)
(480 1490 1139)
(473 1498 1145)
(465 1507 1150)
(457 1516 1156)
(450 1525 1161)
(442 1533 1167)
(435 1542 1173)
(428 1551 1179)
(420 1560 1184)
(413 1569 1190)
(406 1578 1196)
(399 1587 1202)
(392 1596 1208)
(385 1605 1214)
(379 1613 1220)
(397 1626 1235)
(415 1638 1249)
(433 1650 1264)
(429 1662 1264)
(426 1673 1265)
(424 1676 1265)
(418 1685 1271)
(411 1694 1278)
(410 1696 1279)
(403 1699 1289)
(396 1703 1299)
(394 1704 1301)
(389 1701 1311)
(383 1699 1322)
(381 1698 1326)
(378 1691 1334)
(375 1683 1343)
(374 1680 1347)
(375 1669 1352)
(375 1659 1357)
(375 1655 1359)
(379 1643 1358)
(383 1632 1358)
(384 1628 1358)
(391 1619 1351)
(398 1610 1345)
(399 1609 1344)
(406 1605 1334)
(413 1601 1324)
(415 1601 1322)
(420 1603 1312)
(426 1606 1301)
(428 1607 1297)
(430 1614 1288)
(433 1621 1280)
(435 1625 1276)
(434 1635 1271)
(434 1646 1266)
(433 1650 1264)
(415 1638 1249)
(397 1626 1235)
(379 1613 1220)
(386 1606 1212)
(394 1598 1204)
(401 1591 1196)
(409 1584 1189)
(416 1577 1181)
(424 1569 1174)
(432 1562 1166)
(440 1555 1159)
(448 1548 1151)
(456 1541 1144)
(464 1534 1137)
(472 1527 1129)
(480 1520 1122)
(488 1514 1115)
(496 1507 1108)
(505 1500 1101)
(513 1493 1094)
(522 1487 1087)
(530 1480 1080)
(539 1473 1073)
(547 1467 1066)
(556 1460 1059)
(565 1454 1052)
(573 1447 1046)
(582 1441 1039)
(591 1435 1032)
(600 1428 1026)
(609 1422 1019)
(618 1416 1013)
(627 1410 1006)
(636 1404 1000)
(645 1398 994)
(654 1392 988)
(664 1386 981)
(673 1380 975)
(682 1374 969)
(692 1368 963)
(701 1362 957)
(706 1359 954)
(722 1373 970)
(739 1387 987)
(755 1400 1003)
(764 1396 996)
(774 1392 989)
(783 1388 982)
(785 1388 981)
(794 1388 972)
(803 1388 964)
(812 1388 955)
(816 1387 952)
(823 1391 943)
(831 1395 934)
(839 1399 925)
(843 1401 920)
(848 1407 911)
(853 1413 904)
(857 1422 896)
(861 1429 888)
(845 1416 871)
(829 1403 854)
(814 1389 837)
(808 1382 846)
(801 1376 855)
(795 1369 864)
(789 1363 873)
(783 1357 882)
(777 1350 891)
(772 1345 900)
(788 1358 917)
(804 1372 933)
(819 1386 950)
(817 1397 945)
(815 1407 941)
(814 1411 940)
(810 1422 937)
(807 1433 934)
(806 1435 933)
(800 1446 932)
(795 1456 931)
(790 1467 931)
(784 1478 930)
(782 1482 930)
(775 1491 931)
(768 1501 933)
(762 1510 935)
(755 1520 936)
(752 1524 937)
(745 1532 940)
(737 1541 943)
(729 1550 947)
(722 1559 950)
(719 1561 951)
(711 1569 956)
(703 1577 960)
(695 1585 965)
(687 1593 970)
(687 1593 970)
(678 1600 976)
(670 1607 981)
(662 1615 987)
(658 1618 990)
(649 1625 996)
(641 1631 1003)
(632 1637 1010)
(624 1644 1016)
(622 1645 1018)
(613 1648 1026)
(605 1652 1035)
(596 1655 1043)
(588 1658 1052)
(580 1661 1060)
(571 1665 1069)
(563 1669 1077)
(554 1673 1086)
(546 1679 1094)
(538 1685 1102)
(531 1690 1108)
(524 1699 1114)
(517 1707 1119)
(513 1714 1123)
(507 1724 1127)
(501 1734 1131)
(496 1743 1135)
(490 1753 1139)
(484 1762 1144)
(478 1772 1149)
(477 1773 1150)
(470 1780 1157)
(463 1788 1165)
(456 1795 1173)
(452 1799 1176)
(445 1803 1186)
(437 1806 1196)
(433 1809 1201)
(426 1810 1211)
(419 1811 1222)
(414 1811 1229)
(407 1810 1239)
(401 1809 1250)
(394 1807 1260)
(388 1806 1271)
(382 1805 1281)
(381 1805 1282)
(378 1802 1287)
(379 1796 1289)
(381 1789 1288)
(362 1777 1273)
(344 1765 1259)
(325 1754 1244)
(332 1747 1235)
(339 1741 1226)
(346 1734 1217)
(349 1732 1214)
(368 1744 1228)
(386 1756 1243)
(404 1767 1258)
(398 1768 1268)
(395 1768 1272)
(389 1776 1280)
(386 1780 1283)
(381 1791 1287)
(378 1798 1290)
(376 1809 1288)
(375 1818 1287)
(379 1826 1279)
(382 1834 1271)
(383 1836 1269)
(364 1824 1255)
(346 1812 1240)
(327 1801 1225)
(334 1796 1215)
(342 1791 1205)
(349 1787 1195)
(356 1783 1185)
(364 1778 1176)
(371 1774 1166)
(379 1770 1156)
(386 1765 1146)
(394 1761 1137)
(402 1757 1127)
(410 1753 1118)
(417 1749 1108)
(425 1745 1099)
(433 1741 1089)
(441 1737 1080)
(449 1733 1070)
(458 1729 1061)
(466 1725 1052)
(474 1722 1042)
(482 1718 1033)
(491 1714 1024)
(499 1711 1015)
(508 1707 1006)
(516 1704 997)
(525 1700 988)
(533 1697 979)
(542 1694 970)
(551 1690 961)
(560 1687 952)
(569 1684 944)
(577 1681 935)
(586 1678 926)
(595 1675 918)
(604 1672 909)
(614 1669 901)
(623 1666 892)
(632 1663 884)
(641 1660 876)
(651 1657 867)
(660 1655 859)
(669 1652 851)
(679 1649 843)
(688 1647 835)
(698 1644 826)
(707 1642 818)
(717 1639 811)
(727 1637 803)
(736 1635 795)
(746 1633 787)
(756 1630 779)
(766 1628 772)
(776 1626 764)
(786 1624 756)
(796 1622 749)
(806 1620 741)
(816 1618 734)
(826 1616 727)
(836 1615 719)
(846 1613 712)
(856 1611 705)
(867 1609 698)
(877 1608 691)
(887 1606 684)
(898 1605 677)
(908 1603 670)
(923 1616 688)
(938 1628 706)
(953 1641 724)
(944 1645 729)
(943 1646 729)
(946 1656 724)
(950 1666 718)
(953 1677 712)
(955 1684 708)
(960 1694 702)
(965 1703 696)
(970 1713 690)
(975 1723 684)
(980 1733 678)
(982 1737 675)
(988 1746 669)
(993 1756 663)
(999 1765 657)
(1001 1767 655)
(1005 1778 650)
(1010 1788 644)
(1014 1799 639)
(1018 1808 635)
(1021 1819 631)
(1025 1830 626)
(1028 1841 622)
(1030 1848 620)
(1029 1859 618)
(1029 1871 616)
(1029 1878 615)
(1023 1887 617)
(1015 1893 622)
(1004 1894 629)
(994 1895 635)
(993 1896 636)
(983 1895 643)
(973 1895 649)
(963 1898 656)
(962 1898 657)
(963 1908 654)
(969 1918 649)
(971 1920 647)
(976 1931 643)
(978 1935 641)
(975 1947 641)
(975 1951 641)
(966 1957 647)
(959 1961 651)
(948 1962 658)
(938 1962 665)
(931 1962 670)
(921 1961 677)
(911 1959 685)
(901 1958 692)
(896 1957 696)
(886 1955 704)
(876 1952 711)
(867 1950 719)
(857 1947 727)
(856 1947 727)
(847 1944 735)
(837 1941 743)
(828 1937 751)
(819 1934 759)
(809 1931 767)
(800 1928 775)
(791 1925 783)
(782 1922 792)
(776 1920 797)
(767 1916 805)
(758 1912 813)
(749 1908 822)
(741 1904 830)
(732 1900 838)
(724 1896 847)
(715 1893 855)
(713 1892 858)
(705 1886 866)
(697 1881 874)
(689 1876 883)
(681 1871 891)
(674 1866 900)
(666 1862 908)
(660 1858 914)
(653 1853 923)
(646 1847 931)
(639 1842 940)
(632 1836 949)
(625 1831 957)
(617 1826 966)
(610 1821 975)
(608 1819 977)
(602 1813 986)
(595 1808 995)
(589 1802 1003)
(582 1796 1012)
(576 1791 1021)
(570 1785 1030)
(564 1780 1039)
(557 1774 1048)
(556 1773 1050)
(564 1767 1042)
(569 1764 1037)
(551 1752 1021)
(534 1740 1005)
(516 1728 989)
(525 1728 980)
(533 1728 970)
(542 1728 960)
(550 1728 951)
(559 1728 941)
(567 1728 932)
(576 1728 922)
(585 1728 913)
(593 1729 903)
(602 1729 894)
(611 1729 885)
(620 1730 876)
(629 1730 867)
(638 1731 857)
(647 1731 848)
(656 1732 839)
(665 1733 830)
(675 1733 821)
(684 1734 813)
(693 1735 804)
(703 1736 795)
(712 1737 786)
(721 1738 778)
(731 1739 769)
(741 1740 761)
(750 1741 752)
(760 1742 744)
(769 1744 735)
(779 1745 727)
(789 1746 719)
(799 1748 710)
(809 1749 702)
(818 1751 694)
(828 1752 686)
(838 1754 678)
(848 1755 670)
(858 1757 662)
(869 1759 655)
(879 1761 647)
(889 1763 639)
(899 1764 631)
(909 1766 624)
(920 1768 616)
(930 1770 609)
(940 1773 602)
(951 1775 594)
(961 1777 587)
(972 1779 580)
(976 1780 576)
(991 1792 595)
(1006 1804 613)
(1021 1815 632)
(1017 1805 637)
(1016 1802 638)
(1006 1807 643)
(997 1812 648)
(987 1817 653)
(978 1821 659)
(968 1826 664)
(960 1831 669)
(951 1838 673)
(943 1844 678)
(935 1851 683)
(926 1858 687)
(923 1861 690)
(916 1871 693)
(910 1880 696)
(904 1889 699)
(898 1899 702)
(897 1900 702)
(893 1910 704)
(889 1921 705)
(885 1932 707)
(881 1943 709)
(877 1953 711)
(887 1955 703)
(888 1955 702)
(873 1944 684)
(857 1933 666)
(842 1922 648)
(843 1910 648)
(845 1898 649)
(846 1887 649)
(848 1875 649)
(850 1863 649)
(852 1851 650)
(853 1840 650)
(855 1828 651)
(857 1816 651)
(859 1804 652)
(861 1793 653)
(863 1781 653)
(866 1770 654)
(868 1758 655)
(870 1746 656)
(873 1735 657)
(875 1723 658)
(877 1712 659)
(880 1700 661)
(882 1689 662)
(885 1677 663)
(888 1666 664)
(890 1654 666)
(893 1643 667)
(896 1631 669)
(899 1620 671)
(902 1609 672)
(905 1597 674)
(908 1586 676)
(911 1575 678)
(914 1563 680)
(917 1552 682)
(921 1541 684)
(924 1530 686)
(927 1518 688)
(931 1507 690)
(934 1496 692)
(938 1485 695)
(941 1474 697)
(945 1463 700)
(949 1452 702)
(953 1441 705)
(956 1430 707)
(960 1419 710)
(964 1408 713)
(968 1397 716)
(972 1386 719)
(976 1375 721)
(980 1364 724)
(984 1353 728)
(989 1342 731)
(993 1331 734)
(997 1321 737)
(1001 1310 740)
(1006 1299 744)
(1010 1288 747)
(1015 1278 751)
(1019 1267 754)
(1024 1257 758)
(1029 1246 761)
(1033 1235 765)
(1038 1225 769)
(1043 1214 773)
(1048 1204 777)
(1053 1194 781)
(1058 1183 785)
(1063 1173 789)
(1068 1162 793)
(1073 1152 797)
(1078 1142 801)
(1083 1132 805)
(1088 1121 810)
(1094 1111 814)
(1099 1101 819)
(1104 1091 823)
(1110 1081 828)
(1115 1071 832)
(1121 1061 837)
(1126 1051 842)
(1132 1041 847)
(1138 1031 852)
(1143 1022 856)
(1149 1012 861)
(1155 1002 866)
(1161 992 872)
(1167 983 877)
(1173 973 882)
(1179 964 887)
(1185 954 892)
(1191 945 898)
(1197 935 903)
(1203 926 909)
(1209 916 914)
(1215 907 920)
(1222 898 925)
(1228 889 931)
(1234 879 937)
(1241 870 942)
(1247 861 948)
(1254 852 954)
(1260 843 960)
(1267 834 966)
(1273 825 972)
(1280 816 978)
(1287 808 984)
(1294 799 991)
(1300 790 997)
(1307 782 1003)
(1314 773 1009)
(1321 764 1016)
(1328 756 1022)
(1335 748 1029)
(1342 739 1035)
(1349 731 1042)
(1356 723 1049)
(1363 714 1055)
(1371 706 1062)
(1378 698 1069)
(1385 690 1076)
(1392 682 1083)
(1400 674 1089)
(1407 666 1096)
(1415 659 1103)
(1422 651 1111)
(1430 643 1118)
(1437 635 1125)
(1445 628 1132)
(1453 620 1139)
(1460 613 1147)
(1468 606 1154)
(1476 598 1162)
(1483 591 1169)
(1491 584 1177)
(1494 582 1179)
(1506 600 1194)
(1518 618 1209)
(1530 636 1224)
(1538 640 1216)
(1546 643 1208)
(1553 646 1201)
(1562 648 1194)
(1571 651 1187)
(1580 653 1181)
(1589 656 1174)
(1592 657 1172)
(1603 657 1168)
(1612 657 1166)
(1623 654 1167)
(1632 651 1168)
(1640 645 1175)
(1649 638 1182)
(1651 637 1184)
(1654 629 1194)
(1658 622 1204)
(1661 617 1211)
(1660 610 1221)
(1660 603 1231)
(1660 596 1241)
(1655 591 1251)
(1650 586 1260)
(1645 581 1269)
(1637 578 1276)
(1629 575 1284)
(1624 573 1289)
(1614 572 1294)
(1603 571 1298)
(1603 571 1299)
(1591 575 1297)
(1585 577 1296)
(1577 584 1287)
(1570 590 1279)
(1570 591 1279)
(1568 598 1268)
(1568 600 1265)
(1571 605 1255)
(1572 608 1251)
(1580 612 1243)
(1587 615 1234)
(1594 619 1226)
(1596 620 1223)
(1606 622 1218)
(1616 624 1212)
(1626 625 1207)
(1630 626 1205)
(1641 625 1203)
(1646 625 1202)
(1658 622 1203)
(1661 621 1204)
(1670 615 1210)
(1672 614 1212)
(1679 607 1221)
(1683 602 1227)
(1687 595 1237)
(1690 588 1247)
(1692 581 1257)
(1693 574 1268)
(1693 574 1268)
(1692 567 1279)
(1691 561 1289)
(1690 557 1296)
(1687 551 1306)
(1684 546 1317)
(1682 541 1326)
(1676 536 1335)
(1673 534 1340)
(1664 531 1347)
(1661 531 1349)
(1650 532 1351)
(1648 532 1351)
(1637 537 1346)
(1633 538 1345)
(1627 545 1335)
(1624 548 1331)
(1624 554 1321)
(1624 557 1316)
(1629 561 1307)
(1631 564 1301)
(1639 567 1294)
(1644 569 1289)
(1655 569 1285)
(1666 570 1281)
(1668 570 1280)
(1680 568 1281)
(1688 566 1282)
(1697 560 1290)
(1701 556 1295)
(1703 550 1306)
(1705 543 1316)
(1705 543 1317)
(1704 537 1328)
(1702 531 1338)
(1702 527 1345)
(1699 522 1355)
(1695 516 1365)
(1693 511 1375)
(1681 493 1361)
(1670 474 1347)
(1658 455 1332)
(1647 459 1327)
(1636 464 1322)
(1625 469 1317)
(1614 474 1312)
(1603 478 1307)
(1592 483 1302)
(1582 488 1297)
(1571 493 1292)
(1560 498 1287)
(1549 503 1282)
(1538 509 1277)
(1528 514 1273)
(1517 519 1268)
(1506 525 1263)
(1495 530 1259)
(1485 536 1254)
(1474 541 1250)
(1464 547 1246)
(1453 553 1241)
(1442 558 1237)
(1432 564 1233)
(1421 570 1229)
(1411 576 1225)
(1400 582 1221)
(1390 588 1217)
(1380 594 1213)
(1369 601 1209)
(1359 607 1205)
(1349 613 1201)
(1338 620 1197)
(1328 626 1194)
(1318 633 1190)
(1308 639 1187)
(1298 646 1183)
(1287 653 1180)
(1277 659 1176)
(1267 666 1173)
(1257 673 1170)
(1247 680 1166)
(1237 687 1163)
(1227 694 1160)
(1217 701 1157)
(1207 709 1154)
(1198 716 1151)
(1188 723 1148)
(1178 730 1145)
(1168 738 1142)
(1158 745 1140)
(1149 753 1137)
(1139 760 1134)
(1129 768 1132)
(1120 776 1129)
(1110 783 1127)
(1101 791 1124)
(1091 799 1122)
(1082 807 1120)
(1072 815 1117)
(1063 823 1115)
(1054 831 1113)
(1044 839 1111)
(1035 847 1109)
(1026 855 1107)
(1017 863 1105)
(1007 872 1103)
(998 880 1101)
(989 888 1100)
(980 897 1098)
(971 905 1096)
(962 914 1095)
(953 922 1093)
(944 931 1092)
(935 940 1090)
(926 948 1089)
(918 957 1087)
(909 966 1086)
(900 975 1085)
(891 984 1084)
(883 993 1083)
(874 1002 1082)
(866 1011 1081)
(857 1020 1080)
(849 1029 1079)
(840 1038 1078)
(839 1039 1078)
