m (10 10 10) (1806 1803 1648)
m (8 20 13) (1809 1795 1653)
m (8 20 13) (1812 1787 1658)
m (8 20 13) (1815 1779 1663)
m (8 20 13) (1818 1771 1668)
m (8 20 13) (1822 1764 1674)
m (8 20 13) (1825 1756 1679)
m (8 20 13) (1828 1748 1684)
m (8 20 13) (1831 1740 1689)
m (8 20 14) (1835 1733 1695)
m (9 19 14) (1838 1725 1700)
m (9 19 14) (1842 1718 1706)
m (9 19 14) (1845 1710 1711)
m (9 19 14) (1849 1702 1717)
m (9 19 14) (1852 1695 1722)
m (9 19 14) (1856 1688 1728)
m (9 19 14) (1860 1680 1733)
m (9 19 14) (1864 1673 1739)
m (10 19 15) (1867 1665 1745)
m (10 19 15) (1871 1658 1751)
m (10 18 15) (1875 1651 1756)
m (10 18 15) (1879 1644 1762)
m (10 18 15) (1883 1637 1768)
m (10 18 15) (1887 1629 1774)
m (10 18 15) (1891 1622 1780)
m (10 18 15) (1895 1615 1786)
m (10 18 15) (1900 1608 1792)
m (11 18 16) (1904 1601 1799)
m (11 18 16) (1908 1594 1805)
m (11 18 16) (1912 1588 1811)
m (11 17 16) (1917 1581 1817)
m (11 17 16) (1921 1574 1824)
m (11 17 16) (1926 1567 1830)
m (11 17 16) (1930 1560 1836)
m (11 17 16) (1935 1554 1843)
m (12 17 16) (1939 1547 1849)
m (12 17 17) (1944 1540 1856)
m (12 17 17) (1949 1534 1862)
m (12 17 17) (1953 1527 1869)
m (12 17 17) (1958 1521 1876)
m (12 16 17) (1963 1514 1882)
m (12 16 17) (1968 1508 1889)
m (12 16 17) (1973 1502 1896)
m (13 16 17) (1978 1495 1903)
m (13 16 17) (1983 1489 1910)
m (13 16 18) (1988 1483 1916)
m (13 16 18) (1993 1477 1923)
m (34 38 34) (2006 1492 1936)
m (34 38 34) (2020 1507 1949)
m (34 38 34) (2033 1521 1963)
m (35 38 34) (2047 1536 1976)
m (35 38 34) (2060 1551 1990)
m (35 38 34) (2074 1565 2003)
m (35 38 34) (2088 1580 2016)
m (35 38 34) (2101 1595 2030)
m (5 13 22) (2103 1590 2039)
m (5 13 22) (2103 1589 2039)
l (3 12 23) (2105 1585 2048)
l (3 12 23) (2105 1585 2049)
l (22 10 5) (2113 1581 2047)
l (22 10 5) (2122 1577 2045)
l (22 10 5) (2131 1573 2043)
l (22 9 5) (2140 1570 2041)
l (23 9 5) (2149 1566 2039)
l (23 9 4) (2158 1562 2037)
l (23 9 4) (2167 1559 2036)
l (23 9 4) (2169 1558 2035)
l (22 7 8) (2178 1555 2032)
l (22 7 8) (2186 1553 2029)
l (22 6 8) (2195 1550 2026)
l (22 6 8) (2204 1548 2023)
l (22 6 8) (2213 1545 2020)
l (22 6 7) (2221 1543 2017)
l (22 6 7) (2230 1540 2014)
l (23 6 7) (2232 1540 2014)
l (21 3 11) (2240 1539 2009)
l (21 3 11) (2248 1537 2005)
l (21 3 11) (2257 1536 2001)
l (21 3 11) (2265 1535 1997)
l (21 3 10) (2273 1534 1993)
l (21 3 10) (2282 1533 1988)
l (22 3 10) (2290 1531 1984)
l (22 3 10) (2292 1531 1984)
l (20 1 13) (2299 1531 1979)
l (20 1 13) (2307 1531 1973)
l (20 1 13) (2315 1531 1968)
l (20 1 13) (2323 1531 1963)
l (20 1 13) (2330 1531 1958)
l (20 1 13) (2338 1532 1953)
l (20 1 13) (2346 1532 1948)
l (20 1 13) (2348 1532 1947)
l (18 3 15) (2355 1533 1941)
l (18 3 15) (2362 1534 1935)
l (18 3 15) (2369 1536 1929)
l (18 3 15) (2376 1537 1923)
l (18 3 15) (2383 1538 1917)
l (18 3 15) (2391 1540 1911)
l (18 4 15) (2398 1541 1905)
l (18 4 15) (2401 1542 1903)
l (16 6 17) (2407 1544 1896)
l (16 6 17) (2413 1547 1889)
l (16 6 17) (2420 1549 1883)
l (16 6 17) (2426 1551 1876)
l (16 6 17) (2432 1554 1869)
l (16 6 17) (2439 1557 1863)
l (16 7 16) (2445 1559 1857)
l (16 7 16) (2449 1561 1852)
l (13 9 18) (2455 1565 1845)
l (13 9 18) (2460 1568 1838)
l (14 9 18) (2465 1572 1831)
l (14 9 18) (2471 1575 1824)
l (14 9 18) (2476 1579 1817)
l (14 9 18) (2482 1583 1810)
l (14 9 18) (2487 1586 1803)
l (14 10 18) (2493 1590 1796)
l (11 11 19) (2497 1595 1789)
l (11 11 19) (2502 1599 1782)
l (11 12 19) (2506 1604 1774)
l (11 12 19) (2511 1608 1767)
l (12 12 18) (2515 1613 1760)
l (12 12 18) (2520 1618 1752)
l (12 12 18) (2525 1622 1745)
l (12 12 18) (2529 1627 1738)
l (12 12 18) (2531 1629 1736)
l (9 13 19) (2535 1634 1728)
l (10 14 19) (2539 1640 1721)
l (10 14 19) (2543 1645 1713)
l (10 14 19) (2547 1651 1706)
l (10 14 19) (2549 1654 1701)
l (8 15 19) (2552 1660 1694)
l (8 15 19) (2556 1666 1686)
l (8 15 19) (2559 1672 1679)
l (8 15 19) (2562 1678 1671)
l (8 15 19) (2564 1681 1667)
l (5 16 19) (2566 1688 1660)
l (6 16 19) (2569 1694 1652)
l (6 16 19) (2571 1701 1645)
l (6 16 19) (2573 1707 1638)
l (6 17 19) (2576 1714 1630)
l (6 17 19) (2578 1720 1623)
l (6 17 18) (2581 1727 1616)
l (6 17 18) (2583 1734 1608)
l (7 17 18) (2585 1739 1603)
l (3 18 18) (2587 1746 1595)
l (3 18 18) (2588 1753 1588)
l (3 18 18) (2589 1760 1581)
l (3 18 18) (2591 1767 1574)
l (4 18 18) (2592 1775 1567)
l (4 18 18) (2594 1782 1560)
l (4 19 18) (2595 1789 1553)
l (4 19 18) (2597 1797 1546)
l (4 19 18) (2597 1799 1544)
l (1 19 18) (2598 1806 1537)
l (1 19 17) (2599 1814 1530)
l (1 19 17) (2599 1821 1523)
l (2 19 17) (2600 1829 1517)
l (2 20 17) (2601 1837 1510)
l (2 20 17) (2601 1845 1503)
l (2 20 17) (2602 1852 1497)
l (2 20 17) (2603 1857 1492)
l (1 20 16) (2603 1865 1486)
l (1 20 16) (2603 1873 1479)
l (1 20 16) (2603 1881 1473)
l (1 20 16) (2603 1889 1467)
l (1 20 16) (2603 1897 1460)
l (1 21 16) (2603 1905 1454)
l (1 21 16) (2604 1911 1449)
l (1 21 15) (2603 1919 1443)
l (1 21 15) (2603 1928 1437)
l (1 21 15) (2602 1936 1431)
l (1 21 15) (2602 1944 1425)
l (1 21 15) (2601 1952 1420)
l (1 21 15) (2601 1957 1416)
l (4 21 14) (2600 1965 1411)
l (4 21 14) (2598 1973 1405)
l (3 21 14) (2597 1982 1400)
l (3 21 14) (2596 1990 1394)
l (3 21 14) (2594 1998 1389)
l (3 21 14) (2593 2007 1383)
l (3 21 14) (2593 2009 1382)
l (9 20 12) (2589 2016 1378)
l (8 20 12) (2586 2024 1373)
l (8 20 12) (2583 2032 1368)
l (8 20 12) (2582 2035 1367)
l (16 16 8) (2575 2042 1363)
l (16 17 8) (2574 2043 1363)
l (23 9 3) (2565 2047 1362)
l (23 9 3) (2562 2048 1361)
l (27 2 5) (2551 2048 1363)
l (27 2 5) (2549 2047 1363)
l (25 11 10) (2539 2043 1367)
l (24 11 10) (2535 2041 1369)
l (24 12 11) (2526 2037 1373)
l (23 12 11) (2523 2035 1375)
l (26 6 8) (2513 2033 1378)
l (14 18 9) (2509 2039 1375)
l (2 22 13) (2508 2048 1370)
l (2 22 13) (2508 2050 1368)
l (2 22 13) (2507 2059 1363)
l (2 22 12) (2507 2061 1362)
l (16 17 7) (2501 2067 1359)
l (26 2 6) (2491 2066 1362)
l (26 2 6) (2481 2066 1364)
l (26 1 6) (2473 2065 1366)
l (24 9 10) (2463 2062 1370)
l (24 9 10) (2454 2058 1374)
l (24 9 10) (2449 2056 1376)
l (20 15 13) (2441 2050 1381)
l (20 15 13) (2434 2045 1386)
l (9 21 15) (2431 2037 1392)
l (18 15 5) (2438 2031 1394)
l (18 15 5) (2445 2025 1395)
l (18 15 5) (2450 2021 1397)
l (22 11 2) (2459 2017 1398)
l (22 11 2) (2467 2013 1399)
l (22 11 2) (2476 2009 1400)
l (22 11 2) (2484 2005 1401)
l (25 6 1) (2494 2002 1400)
l (25 6 1) (2503 2000 1400)
l (25 6 1) (2513 1998 1400)
l (25 6 1) (2523 1995 1400)
l (25 6 1) (2533 1993 1400)
l (26 1 3) (2543 1993 1399)
l (27 1 3) (2553 1992 1398)
l (27 1 3) (2564 1992 1397)
l (27 1 3) (2574 1992 1395)
l (27 1 3) (2585 1991 1394)
l (27 1 3) (2596 1991 1393)
l (27 1 2) (2596 1991 1393)
l (3 21 14) (2595 2000 1388)
l (3 21 14) (2594 2004 1385)
l (34 36 38) (2581 1990 1370)
l (34 36 38) (2568 1975 1355)
l (34 36 38) (2554 1961 1340)
l (34 36 38) (2541 1947 1325)
l (33 36 38) (2528 1933 1310)
l (33 36 38) (2515 1919 1295)
l (33 36 38) (2502 1905 1280)
l (33 36 38) (2489 1891 1265)
m (25 6 1) (2480 1894 1265)
m (25 7 1) (2470 1896 1264)
m (25 7 1) (2460 1899 1264)
m (25 7 1) (2450 1902 1263)
m (25 7 1) (2441 1904 1263)
m (25 7 1) (2431 1907 1263)
m (25 7 1) (2421 1910 1262)
m (24 7 1) (2412 1913 1262)
m (24 7 1) (2402 1916 1262)
m (24 7 1) (2393 1919 1262)
m (24 8 1) (2383 1922 1262)
m (24 8 1) (2374 1925 1262)
m (24 8 1) (2364 1928 1262)
m (24 8 1) (2355 1932 1262)
m (24 8 1) (2346 1935 1262)
m (24 8 1) (2336 1938 1262)
m (24 8 1) (2327 1941 1263)
m (24 8 1) (2318 1945 1263)
m (23 9 1) (2309 1948 1263)
m (23 9 1) (2300 1952 1264)
m (23 9 1) (2290 1955 1264)
m (23 9 1) (2281 1959 1265)
m (23 9 1) (2272 1962 1265)
m (23 9 1) (2263 1966 1266)
m (23 9 1) (2254 1969 1266)
m (23 9 2) (2245 1973 1267)
m (23 9 2) (2236 1977 1268)
m (23 10 2) (2228 1981 1268)
m (23 10 2) (2219 1985 1269)
m (22 10 2) (2210 1988 1270)
m (22 10 2) (2201 1992 1271)
m (22 10 2) (2192 1996 1272)
m (22 10 2) (2184 2000 1273)
m (22 10 3) (2175 2004 1274)
m (22 10 3) (2166 2009 1275)
m (22 10 3) (2158 2013 1276)
m (22 11 3) (2149 2017 1278)
m (22 11 3) (2141 2021 1279)
m (22 11 3) (2132 2025 1280)
m (22 11 3) (2124 2030 1281)
m (21 11 3) (2115 2034 1283)
m (21 11 3) (2107 2038 1284)
m (21 11 4) (2099 2043 1286)
m (21 11 4) (2090 2047 1287)
m (21 11 4) (2082 2052 1289)
m (21 11 4) (2074 2056 1291)
m (21 12 4) (2066 2061 1292)
m (21 12 4) (2057 2066 1294)
m (21 12 4) (2049 2070 1296)
m (21 12 4) (2041 2075 1298)
m (21 12 5) (2033 2080 1299)
m (20 12 5) (2025 2085 1301)
m (20 12 5) (2017 2090 1303)
m (20 12 5) (2009 2094 1305)
m (20 12 5) (2001 2099 1307)
m (20 13 5) (1993 2104 1310)
m (20 13 5) (1985 2109 1312)
m (20 13 5) (1978 2114 1314)
m (20 13 6) (1970 2120 1316)
m (20 13 6) (1962 2125 1319)
m (20 13 6) (1954 2130 1321)
m (20 13 6) (1947 2135 1323)
m (19 13 6) (1939 2140 1326)
m (19 13 6) (1931 2146 1328)
m (19 14 6) (1924 2151 1331)
m (19 14 6) (1916 2156 1333)
m (19 14 7) (1909 2162 1336)
m (19 14 7) (1901 2167 1339)
m (19 14 7) (1894 2173 1342)
m (19 14 7) (1886 2179 1344)
m (19 14 7) (1879 2184 1347)
m (19 14 7) (1872 2190 1350)
m (19 14 7) (1865 2195 1353)
m (18 14 7) (1857 2201 1356)
m (18 15 8) (1850 2207 1359)
m (18 15 8) (1843 2213 1362)
m (18 15 8) (1836 2219 1365)
m (18 15 8) (1829 2225 1368)
m (18 15 8) (1822 2230 1372)
m (18 15 8) (1815 2236 1375)
m (18 15 8) (1808 2242 1378)
m (18 15 8) (1801 2249 1382)
m (18 15 9) (1794 2255 1385)
m (17 16 9) (1787 2261 1389)
m (17 16 9) (1780 2267 1392)
m (17 16 9) (1773 2273 1396)
m (17 16 9) (1767 2279 1399)
m (17 16 9) (1763 2283 1401)
m (36 33 37) (1777 2296 1416)
m (36 33 37) (1791 2309 1431)
m (36 33 37) (1805 2322 1445)
m (36 33 37) (1819 2335 1460)
m (36 33 37) (1833 2348 1474)
m (36 33 37) (1847 2361 1489)
m (36 34 37) (1862 2375 1503)
m (36 34 37) (1876 2388 1518)
m (20 1 16) (1884 2387 1512)
m (20 1 16) (1891 2387 1506)
m (20 1 16) (1899 2386 1500)
m (20 1 15) (1907 2386 1493)
m (20 1 15) (1915 2385 1487)
m (20 1 15) (1923 2385 1481)
m (20 1 15) (1931 2385 1476)
m (21 1 15) (1933 2385 1474)
l (20 5 14) (1941 2383 1469)
l (21 5 13) (1949 2381 1464)
l (21 5 13) (1957 2379 1458)
l (21 5 13) (1966 2377 1453)
l (21 5 13) (1970 2376 1450)
l (19 11 10) (1978 2371 1446)
l (19 11 10) (1985 2367 1442)
l (19 11 10) (1993 2363 1439)
l (20 11 10) (2000 2359 1435)
l (18 13 8) (2007 2354 1432)
l (19 13 8) (2014 2348 1429)
l (19 13 8) (2022 2343 1426)
l (19 13 8) (2029 2338 1423)
l (19 13 8) (2036 2333 1420)
l (36 34 38) (2022 2320 1405)
l (35 34 38) (2008 2307 1391)
l (35 34 38) (1994 2293 1376)
l (35 34 38) (1980 2280 1361)
l (35 34 38) (1967 2267 1346)
l (35 34 38) (1953 2254 1331)
l (35 33 38) (1939 2241 1316)
l (35 33 38) (1925 2228 1302)
m (17 16 5) (1932 2222 1300)
m (17 16 5) (1939 2215 1297)
m (18 16 5) (1946 2209 1295)
m (18 16 5) (1953 2203 1294)
m (18 16 5) (1960 2197 1292)
m (18 16 5) (1967 2190 1290)
m (18 16 5) (1974 2184 1288)
m (18 15 4) (1981 2178 1286)
m (18 15 4) (1988 2172 1284)
m (18 15 4) (1996 2166 1283)
m (18 15 4) (2003 2160 1281)
m (18 15 4) (2010 2154 1280)
m (18 15 4) (2017 2149 1278)
m (19 15 4) (2025 2143 1276)
m (19 15 4) (2032 2137 1275)
m (19 15 3) (2039 2131 1274)
m (19 15 3) (2047 2125 1272)
m (19 14 3) (2054 2120 1271)
m (19 14 3) (2062 2114 1270)
m (19 14 3) (2069 2109 1269)
m (19 14 3) (2077 2103 1267)
m (19 14 3) (2085 2098 1266)
m (19 14 3) (2092 2092 1265)
m (19 14 2) (2100 2087 1264)
m (20 14 2) (2108 2081 1263)
m (20 14 2) (2115 2076 1262)
m (20 13 2) (2123 2071 1262)
m (20 13 2) (2131 2065 1261)
m (20 13 2) (2139 2060 1260)
m (20 13 2) (2147 2055 1259)
m (20 13 2) (2155 2050 1259)
m (20 13 1) (2163 2045 1258)
m (20 13 1) (2171 2040 1258)
m (20 13 1) (2179 2035 1257)
m (20 13 1) (2183 2032 1257)
m (33 34 38) (2196 2045 1272)
m (34 34 38) (2209 2059 1287)
m (34 34 38) (2223 2072 1302)
m (34 35 38) (2236 2086 1316)
m (34 35 38) (2249 2100 1331)
m (34 35 38) (2263 2113 1346)
m (34 35 38) (2276 2127 1361)
m (34 35 38) (2290 2141 1376)
m (21 11 2) (2298 2136 1375)
m (21 11 2) (2306 2132 1375)
m (21 11 2) (2312 2129 1374)
l (20 13 1) (2320 2124 1374)
l (20 13 1) (2327 2119 1374)
l (20 13 1) (2335 2114 1375)
l (20 13 1) (2343 2109 1375)
l (20 13 1) (2351 2104 1375)
l (20 13 1) (2351 2104 1375)
l (19 14 2) (2358 2098 1376)
l (19 14 2) (2366 2092 1377)
l (19 14 2) (2373 2087 1378)
l (19 14 2) (2381 2081 1379)
l (19 14 2) (2388 2076 1380)
l (17 16 4) (2395 2069 1381)
l (17 16 4) (2402 2063 1383)
l (17 16 4) (2409 2057 1385)
l (18 16 5) (2416 2051 1387)
l (18 15 5) (2422 2045 1389)
l (15 17 7) (2428 2038 1391)
l (15 17 7) (2434 2032 1394)
l (15 17 7) (2440 2025 1397)
l (15 17 7) (2446 2018 1400)
l (15 17 7) (2451 2013 1402)
l (12 19 10) (2456 2005 1406)
l (12 19 10) (2460 1998 1410)
l (12 19 10) (2465 1990 1414)
l (12 19 10) (2470 1983 1418)
l (12 19 10) (2474 1977 1421)
l (7 20 12) (2476 1969 1426)
l (7 20 12) (2479 1961 1431)
l (7 20 13) (2482 1953 1436)
l (8 20 13) (2485 1945 1441)
l (8 20 13) (2488 1939 1445)
l (2 21 15) (2489 1931 1451)
l (2 21 15) (2490 1923 1456)
l (2 21 15) (2491 1914 1462)
l (2 21 15) (2492 1906 1468)
l (3 20 15) (2493 1898 1474)
l (3 20 15) (2493 1898 1475)
l (3 20 16) (2492 1890 1481)
l (3 20 16) (2491 1882 1488)
l (3 20 16) (2490 1874 1494)
l (2 20 16) (2489 1866 1501)
l (2 20 17) (2488 1859 1507)
l (2 20 17) (2487 1854 1511)
l (34 37 37) (2474 1840 1496)
l (34 37 37) (2461 1825 1482)
l (34 36 37) (2448 1811 1467)
l (33 36 37) (2435 1797 1452)
l (33 36 37) (2422 1783 1438)
l (33 36 37) (2409 1768 1423)
l (33 36 37) (2396 1754 1408)
l (33 36 37) (2383 1740 1394)
m (19 15 9) (2376 1746 1390)
m (19 15 9) (2368 1752 1387)
m (19 15 8) (2361 1758 1384)
m (18 15 8) (2354 1764 1380)
m (18 15 8) (2347 1770 1377)
m (18 15 8) (2339 1776 1374)
m (18 15 8) (2332 1782 1371)
m (18 16 8) (2325 1788 1368)
m (18 16 8) (2318 1794 1365)
m (18 16 8) (2311 1801 1362)
m (18 16 7) (2304 1807 1359)
m (18 16 7) (2297 1813 1356)
m (18 16 7) (2290 1820 1353)
m (17 16 7) (2284 1826 1351)
m (17 16 7) (2277 1832 1348)
m (17 16 7) (2270 1839 1345)
m (17 16 7) (2263 1845 1343)
m (17 17 7) (2257 1852 1340)
m (17 17 6) (2250 1859 1337)
m (17 17 6) (2243 1865 1335)
m (17 17 6) (2237 1872 1333)
m (17 17 6) (2230 1879 1330)
m (16 17 6) (2224 1885 1328)
m (16 17 6) (2217 1892 1326)
m (16 17 6) (2211 1899 1323)
m (16 17 6) (2205 1906 1321)
m (16 17 5) (2198 1913 1319)
m (16 18 5) (2192 1920 1317)
m (16 18 5) (2186 1927 1315)
m (16 18 5) (2180 1934 1313)
m (16 18 5) (2174 1941 1311)
m (16 18 5) (2167 1948 1309)
m (15 18 5) (2161 1955 1307)
m (15 18 5) (2161 1955 1307)
m (33 35 38) (2174 1969 1322)
m (34 35 38) (2187 1982 1337)
m (34 35 38) (2201 1996 1352)
m (34 35 38) (2214 2010 1366)
m (34 35 38) (2227 2023 1381)
m (34 35 38) (2240 2037 1396)
m (34 35 38) (2254 2051 1411)
m (34 35 38) (2267 2065 1425)
m (8 20 15) (2271 2073 1420)
m (8 20 15) (2274 2081 1414)
m (8 21 15) (2277 2089 1408)
m (9 21 15) (2281 2097 1402)
m (9 21 15) (2284 2105 1396)
m (9 21 14) (2288 2113 1391)
m (9 21 14) (2291 2122 1385)
m (9 21 14) (2295 2130 1380)
m (9 21 14) (2296 2132 1378)
l (6 22 13) (2298 2141 1373)
l (6 22 13) (2301 2150 1368)
l (6 22 13) (2303 2158 1363)
l (6 23 13) (2306 2167 1357)
l (7 23 13) (2309 2176 1352)
l (7 23 13) (2311 2185 1347)
l (7 23 13) (2314 2194 1342)
l (7 23 13) (2317 2203 1337)
l (7 23 13) (2320 2212 1332)
l (7 23 12) (2320 2213 1332)
l (5 24 12) (2322 2222 1328)
l (5 24 12) (2324 2232 1323)
l (5 24 11) (2326 2241 1318)
l (5 24 11) (2328 2250 1314)
l (5 24 11) (2330 2260 1310)
l (5 24 11) (2332 2269 1305)
l (5 24 11) (2334 2279 1301)
l (5 24 11) (2336 2289 1297)
l (6 25 11) (2337 2291 1296)
l (3 25 10) (2338 2301 1292)
l (3 25 10) (2339 2310 1288)
l (3 25 10) (2340 2320 1284)
l (3 25 9) (2341 2323 1283)
l (1 25 8) (2340 2333 1280)
l (1 25 8) (2340 2343 1277)
l (1 25 8) (2340 2348 1275)
l (6 23 5) (2338 2357 1273)
l (5 24 5) (2336 2366 1271)
l (12 20 2) (2331 2374 1270)
l (12 20 2) (2329 2377 1270)
l (19 13 3) (2322 2382 1271)
l (19 13 3) (2321 2383 1271)
l (24 4 7) (2312 2384 1274)
l (25 3 10) (2302 2383 1278)
l (25 3 10) (2293 2382 1281)
l (24 1 8) (2284 2382 1285)
l (24 1 9) (2279 2383 1286)
l (10 21 2) (2275 2391 1286)
l (10 21 2) (2273 2394 1285)
l (3 26 8) (2275 2404 1282)
l (3 26 8) (2275 2409 1281)
l (1 25 6) (2275 2419 1278)
l (1 25 6) (2275 2424 1277)
l (13 20 1) (2271 2430 1277)
l (20 11 5) (2263 2434 1279)
l (20 11 5) (2263 2434 1279)
l (24 1 9) (2253 2435 1283)
l (24 1 9) (2244 2435 1286)
l (24 1 9) (2241 2435 1288)
l (24 6 11) (2231 2433 1292)
l (24 5 12) (2222 2431 1297)
l (24 5 12) (2212 2429 1301)
l (24 5 12) (2210 2429 1302)
l (23 9 12) (2201 2425 1307)
l (23 9 13) (2192 2422 1312)
l (23 8 13) (2183 2419 1317)
l (23 8 13) (2174 2415 1322)
l (22 10 13) (2166 2411 1327)
l (22 10 13) (2157 2407 1333)
l (22 10 13) (2148 2403 1338)
l (22 10 14) (2140 2399 1343)
l (22 10 14) (2135 2398 1346)
l (21 12 14) (2127 2393 1351)
l (21 11 14) (2119 2388 1357)
l (21 11 14) (2111 2384 1363)
l (21 11 14) (2102 2380 1368)
l (21 11 14) (2096 2376 1373)
l (20 13 14) (2088 2371 1378)
l (20 13 15) (2080 2366 1384)
l (20 12 15) (2073 2361 1390)
l (19 12 15) (2065 2356 1396)
l (19 12 15) (2059 2352 1400)
l (18 14 15) (2052 2347 1406)
l (18 14 15) (2045 2341 1412)
l (18 14 15) (2038 2336 1418)
l (18 14 15) (2031 2331 1424)
l (18 14 15) (2026 2327 1428)
l (16 16 15) (2020 2321 1434)
l (16 16 15) (2014 2315 1440)
l (16 16 15) (2008 2309 1446)
l (16 15 15) (2001 2303 1452)
l (15 15 16) (2000 2301 1454)
l (36 34 38) (1986 2288 1439)
l (36 34 38) (1972 2275 1424)
l (35 34 38) (1958 2261 1410)
l (35 34 38) (1944 2248 1395)
l (35 34 38) (1931 2235 1380)
l (35 34 38) (1917 2222 1366)
l (35 33 38) (1903 2209 1351)
l (35 33 38) (1889 2196 1336)
m (22 1 14) (1898 2195 1331)
m (22 1 14) (1906 2195 1325)
m (22 1 14) (1915 2194 1320)
m (22 1 14) (1924 2194 1315)
m (22 1 13) (1932 2193 1309)
m (22 1 13) (1941 2193 1304)
m (22 1 13) (1950 2193 1299)
m (22 1 13) (1959 2193 1294)
m (22 1 13) (1968 2193 1289)
m (23 1 13) (1976 2192 1284)
m (23 1 13) (1985 2192 1279)
m (23 1 13) (1994 2192 1274)
m (23 1 12) (2003 2193 1269)
m (23 1 12) (2012 2193 1264)
m (23 1 12) (2021 2193 1259)
m (23 1 12) (2030 2193 1254)
m (23 1 12) (2040 2193 1250)
m (23 1 12) (2049 2194 1245)
m (23 1 12) (2058 2194 1240)
m (23 1 12) (2067 2194 1236)
m (24 1 12) (2077 2195 1231)
m (24 1 11) (2086 2195 1227)
m (24 1 11) (2095 2196 1222)
m (24 1 11) (2105 2196 1218)
m (24 1 11) (2114 2197 1213)
m (24 2 11) (2124 2198 1209)
m (24 2 11) (2133 2199 1205)
m (24 2 11) (2143 2199 1201)
m (24 2 11) (2152 2200 1196)
m (24 2 10) (2162 2201 1192)
m (25 2 10) (2171 2202 1188)
m (25 2 10) (2181 2203 1184)
m (25 2 10) (2191 2204 1180)
m (25 3 10) (2201 2205 1176)
m (25 3 10) (2211 2206 1172)
m (25 3 10) (2220 2208 1169)
m (25 3 10) (2230 2209 1165)
m (25 3 10) (2233 2209 1164)
m (34 34 39) (2247 2223 1179)
m (34 34 39) (2260 2236 1194)
m (34 34 39) (2273 2249 1209)
m (34 34 39) (2287 2263 1224)
m (34 34 39) (2300 2276 1240)
m (34 34 39) (2314 2290 1255)
m (35 35 39) (2327 2303 1270)
m (35 35 39) (2341 2317 1285)
m (7 25 11) (2338 2307 1289)
m (6 25 11) (2338 2307 1289)
l (25 1 8) (2329 2308 1292)
l (25 1 8) (2319 2308 1295)
l (25 1 8) (2313 2308 1297)
l (23 8 5) (2305 2311 1299)
l (22 8 5) (2296 2314 1301)
l (22 8 5) (2287 2317 1303)
l (20 12 3) (2280 2322 1305)
l (20 12 3) (2272 2327 1306)
l (20 12 4) (2264 2331 1308)
l (20 12 4) (2262 2332 1308)
l (18 15 2) (2255 2338 1309)
l (18 15 2) (2248 2344 1310)
l (18 15 2) (2241 2350 1311)
l (18 15 3) (2239 2351 1311)
l (15 18 1) (2233 2358 1312)
l (15 18 1) (2227 2366 1312)
l (15 18 1) (2222 2373 1312)
l (15 18 1) (2216 2380 1313)
l (14 18 1) (2210 2387 1313)
l (14 18 1) (2206 2393 1314)
l (9 22 2) (2202 2402 1313)
l (9 22 2) (2198 2410 1312)
l (9 22 1) (2198 2411 1312)
l (1 26 6) (2198 2421 1310)
l (1 26 6) (2198 2424 1309)
l (23 9 13) (2207 2428 1304)
l (23 9 13) (2208 2428 1304)
l (35 35 39) (2194 2415 1289)
l (35 34 39) (2180 2401 1273)
l (35 34 39) (2167 2388 1258)
l (35 34 39) (2153 2374 1243)
l (35 34 39) (2139 2361 1228)
l (35 34 39) (2126 2348 1213)
l (35 34 39) (2112 2335 1198)
l (34 33 39) (2099 2322 1182)
m (23 11 13) (2090 2318 1188)
m (23 11 13) (2081 2313 1193)
m (23 11 13) (2072 2309 1198)
m (23 10 13) (2063 2305 1203)
m (22 10 14) (2054 2301 1209)
m (22 10 14) (2045 2297 1214)
m (22 10 14) (2037 2293 1220)
m (22 10 14) (2028 2289 1225)
m (22 10 14) (2019 2285 1231)
m (22 10 14) (2011 2281 1236)
m (22 10 14) (2002 2278 1242)
m (22 9 14) (1994 2274 1248)
m (22 9 14) (1985 2270 1253)
m (21 9 15) (1977 2267 1259)
m (21 9 15) (1969 2263 1265)
m (21 9 15) (1960 2259 1271)
m (21 9 15) (1952 2256 1277)
m (21 9 15) (1944 2253 1283)
m (21 9 15) (1936 2249 1289)
m (21 8 15) (1927 2246 1295)
m (21 8 15) (1919 2243 1301)
m (21 8 15) (1911 2239 1307)
m (20 8 16) (1903 2236 1313)
m (20 8 16) (1895 2233 1319)
m (20 8 16) (1887 2230 1325)
m (20 8 16) (1879 2227 1332)
m (20 8 16) (1872 2224 1338)
m (20 7 16) (1864 2221 1344)
m (20 7 16) (1856 2218 1351)
m (20 7 16) (1848 2215 1357)
m (20 7 16) (1841 2213 1364)
m (19 7 17) (1833 2210 1370)
m (19 7 17) (1825 2207 1377)
m (19 7 17) (1818 2205 1384)
m (19 7 17) (1810 2202 1390)
m (19 6 17) (1803 2200 1397)
m (19 6 17) (1796 2197 1404)
m (19 6 17) (1788 2195 1410)
m (19 6 17) (1781 2192 1417)
m (19 6 17) (1773 2190 1424)
m (18 6 18) (1766 2188 1431)
m (18 6 18) (1759 2185 1438)
m (18 6 18) (1752 2183 1445)
m (18 5 18) (1745 2181 1452)
m (18 5 18) (1738 2179 1459)
m (18 5 18) (1731 2177 1466)
m (18 5 18) (1724 2175 1473)
m (18 5 18) (1717 2173 1481)
m (18 5 18) (1710 2171 1488)
m (17 5 18) (1703 2169 1495)
m (17 5 19) (1696 2168 1502)
m (17 4 19) (1689 2166 1510)
m (17 4 19) (1683 2164 1517)
m (17 4 19) (1676 2162 1525)
m (17 4 19) (1669 2161 1532)
m (17 4 19) (1663 2159 1540)
m (17 4 19) (1656 2158 1547)
m (17 4 19) (1649 2156 1555)
m (17 4 19) (1643 2155 1562)
m (16 3 19) (1637 2154 1570)
m (16 3 20) (1630 2152 1578)
m (16 3 20) (1624 2151 1586)
m (16 3 20) (1618 2150 1593)
m (16 3 20) (1611 2149 1601)
m (16 3 20) (1605 2147 1609)
m (16 3 20) (1599 2146 1617)
m (16 3 20) (1593 2145 1625)
m (16 2 20) (1587 2144 1633)
m (15 2 20) (1581 2144 1641)
m (15 2 20) (1575 2143 1649)
m (15 2 21) (1569 2142 1657)
m (15 2 21) (1563 2141 1665)
m (15 2 21) (1557 2140 1674)
m (15 2 21) (1551 2140 1682)
m (15 2 21) (1545 2139 1690)
m (15 1 21) (1539 2138 1698)
m (14 1 21) (1534 2138 1707)
m (14 1 21) (1528 2137 1715)
m (14 1 21) (1523 2137 1723)
m (14 1 21) (1517 2137 1732)
m (14 1 22) (1511 2136 1740)
m (14 1 22) (1506 2136 1749)
m (14 1 22) (1501 2136 1757)
m (14 1 22) (1495 2135 1766)
m (14 1 22) (1490 2135 1775)
m (13 1 22) (1485 2135 1783)
m (13 1 22) (1479 2135 1792)
m (13 1 22) (1474 2135 1801)
m (13 1 22) (1469 2135 1810)
m (13 1 22) (1464 2135 1818)
m (13 1 22) (1459 2135 1827)
m (13 1 23) (1454 2136 1836)
m (13 1 23) (1449 2136 1845)
m (13 1 23) (1444 2136 1854)
m (12 1 23) (1439 2136 1863)
m (12 1 23) (1434 2137 1872)
m (12 1 23) (1429 2137 1881)
m (12 1 23) (1424 2138 1890)
m (12 1 23) (1420 2138 1900)
m (12 1 23) (1415 2139 1909)
m (12 1 23) (1410 2140 1918)
m (12 2 24) (1406 2140 1927)
m (12 2 24) (1401 2141 1937)
m (11 2 24) (1397 2142 1946)
m (11 2 24) (1392 2143 1955)
m (11 2 24) (1388 2144 1965)
m (11 2 24) (1384 2144 1974)
m (11 2 24) (1379 2145 1984)
m (11 2 24) (1375 2147 1993)
m (11 3 24) (1371 2148 2003)
m (11 3 24) (1367 2149 2012)
m (10 3 25) (1363 2150 2022)
m (10 3 25) (1359 2151 2032)
m (10 3 25) (1355 2152 2041)
m (10 3 25) (1351 2154 2051)
m (10 3 25) (1347 2155 2061)
m (10 3 25) (1343 2157 2071)
m (10 4 25) (1339 2158 2081)
m (10 4 25) (1335 2160 2091)
m (10 4 25) (1331 2161 2101)
m (9 4 25) (1328 2163 2111)
m (9 4 25) (1324 2165 2121)
m (9 4 26) (1320 2166 2131)
m (9 4 26) (1317 2168 2141)
m (9 5 26) (1313 2170 2151)
m (9 5 26) (1310 2172 2161)
m (9 5 26) (1306 2174 2171)
m (9 5 26) (1303 2176 2182)
m (8 5 26) (1300 2178 2192)
m (8 5 26) (1297 2180 2202)
m (39 34 33) (1312 2194 2215)
m (39 34 34) (1327 2207 2228)
m (39 34 34) (1343 2221 2241)
m (39 35 34) (1358 2234 2254)
m (39 35 34) (1373 2248 2268)
m (39 35 34) (1388 2262 2281)
m (39 35 34) (1404 2275 2295)
m (39 35 35) (1419 2289 2308)
m (1 10 21) (1419 2293 2300)
m (1 10 21) (1420 2297 2292)
m (1 11 21) (1420 2302 2283)
m (1 11 21) (1421 2306 2275)
m (1 11 21) (1421 2307 2272)
l (1 13 19) (1421 2312 2265)
l (1 13 19) (1421 2318 2257)
l (1 13 19) (1421 2323 2249)
l (1 13 19) (1422 2328 2242)
l (1 13 19) (1422 2329 2240)
l (1 15 17) (1422 2335 2233)
l (1 15 17) (1422 2341 2226)
l (1 15 17) (1422 2347 2220)
l (1 15 17) (1422 2353 2213)
l (1 16 17) (1422 2360 2206)
l (1 16 17) (1422 2366 2199)
l (1 16 17) (1422 2372 2193)
l (1 16 17) (1423 2378 2186)
l (1 16 17) (1423 2382 2183)
l (1 17 16) (1423 2388 2176)
l (1 17 16) (1423 2395 2170)
l (1 17 16) (1423 2401 2164)
l (1 17 16) (1424 2408 2158)
l (1 17 16) (1424 2415 2152)
l (1 17 15) (1425 2422 2146)
l (1 17 15) (1425 2428 2140)
l (1 17 15) (1426 2435 2134)
l (1 17 15) (1426 2442 2128)
l (2 16 16) (1427 2448 2121)
l (2 16 16) (1428 2455 2115)
l (2 17 16) (1429 2461 2109)
l (3 17 16) (1430 2468 2103)
l (3 17 16) (1431 2475 2096)
l (3 17 16) (1432 2481 2090)
l (3 17 16) (1434 2488 2084)
l (3 17 16) (1435 2495 2078)
l (3 17 15) (1436 2501 2072)
l (3 17 15) (1437 2506 2068)
l (5 15 17) (1439 2512 2061)
l (5 15 17) (1441 2518 2054)
l (5 15 17) (1443 2524 2047)
l (5 15 17) (1445 2530 2041)
l (6 13 19) (1448 2535 2034)
l (7 13 19) (1450 2540 2026)
l (7 13 19) (1453 2546 2019)
l (7 13 18) (1455 2549 2015)
l (8 10 20) (1458 2553 2007)
l (8 10 20) (1461 2557 1999)
l (8 10 20) (1465 2561 1991)
l (9 11 20) (1466 2563 1988)
l (10 7 21) (1470 2565 1980)
l (10 7 21) (1474 2568 1972)
l (10 7 21) (1478 2571 1963)
l (10 8 21) (1478 2572 1962)
l (11 4 22) (1483 2573 1954)
l (11 4 22) (1487 2575 1945)
l (12 4 22) (1492 2577 1936)
l (12 1 23) (1497 2577 1927)
l (13 1 22) (1502 2578 1919)
l (13 1 22) (1506 2578 1911)
l (14 3 23) (1512 2577 1902)
l (14 3 23) (1517 2576 1893)
l (14 3 22) (1523 2574 1884)
l (14 3 22) (1528 2573 1876)
l (14 3 22) (1534 2572 1867)
l (14 3 22) (1537 2571 1861)
l (15 8 22) (1543 2568 1853)
l (15 8 21) (1549 2565 1844)
l (15 8 21) (1555 2562 1836)
l (15 7 21) (1561 2559 1828)
l (15 7 21) (1567 2556 1819)
l (15 7 21) (1570 2555 1815)
l (15 11 20) (1576 2550 1807)
l (15 11 20) (1582 2546 1799)
l (15 11 20) (1588 2542 1791)
l (15 10 20) (1595 2538 1784)
l (16 10 20) (1601 2534 1776)
l (16 10 19) (1604 2532 1772)
l (15 13 18) (1610 2527 1765)
l (16 13 18) (1616 2522 1758)
l (16 12 18) (1622 2517 1750)
l (16 12 18) (1628 2512 1743)
l (16 12 18) (1635 2507 1736)
l (16 12 18) (1637 2506 1734)
l (16 14 17) (1643 2500 1727)
l (16 14 17) (1649 2495 1721)
l (16 13 17) (1655 2490 1714)
l (16 13 17) (1662 2484 1708)
l (16 13 16) (1668 2479 1702)
l (16 14 16) (1674 2474 1695)
l (16 13 16) (1681 2469 1689)
l (16 13 16) (1687 2464 1683)
l (16 13 16) (1694 2458 1676)
l (17 13 16) (1700 2453 1670)
l (17 13 16) (1707 2448 1664)
l (17 13 15) (1713 2443 1658)
l (17 13 15) (1720 2438 1652)
l (17 13 15) (1727 2433 1646)
l (17 12 15) (1728 2433 1645)
l (17 14 14) (1734 2427 1640)
l (17 14 14) (1741 2422 1634)
l (17 13 14) (1748 2417 1628)
l (17 13 14) (1754 2411 1623)
l (17 13 14) (1761 2406 1618)
l (17 13 14) (1768 2401 1612)
l (17 13 14) (1775 2396 1607)
l (17 13 13) (1782 2391 1601)
l (18 13 13) (1789 2386 1596)
l (18 13 13) (1791 2384 1594)
l (17 15 12) (1798 2378 1590)
l (17 14 12) (1805 2373 1585)
l (17 14 12) (1812 2367 1580)
l (17 14 11) (1818 2361 1576)
l (17 14 11) (1825 2356 1571)
l (17 14 11) (1826 2355 1571)
l (17 16 10) (1832 2349 1567)
l (17 16 10) (1839 2343 1563)
l (17 15 10) (1846 2337 1559)
l (17 15 10) (1853 2331 1555)
l (17 15 10) (1859 2325 1552)
l (17 15 9) (1863 2322 1549)
l (16 17 8) (1870 2315 1546)
l (17 16 8) (1876 2309 1543)
l (17 16 8) (1883 2302 1540)
l (17 16 8) (1889 2296 1537)
l (17 16 8) (1896 2289 1534)
l (17 16 7) (1903 2283 1531)
l (17 16 7) (1904 2282 1530)
l (16 17 6) (1911 2275 1528)
l (16 17 6) (1917 2268 1526)
l (16 17 6) (1924 2261 1523)
l (16 17 6) (1930 2255 1521)
l (17 17 6) (1937 2248 1519)
l (17 17 5) (1943 2242 1517)
l (17 17 5) (1950 2235 1515)
l (17 17 5) (1950 2235 1515)
l (16 18 4) (1956 2228 1513)
l (16 18 4) (1963 2221 1511)
l (16 18 4) (1969 2214 1510)
l (16 17 4) (1976 2207 1509)
l (16 17 3) (1982 2200 1507)
l (16 17 3) (1989 2193 1506)
l (17 17 3) (1995 2187 1505)
l (17 17 3) (2001 2180 1503)
l (15 19 1) (2007 2173 1503)
l (15 19 1) (2013 2165 1503)
l (15 18 1) (2019 2158 1502)
l (15 18 1) (2025 2151 1502)
l (15 18 1) (2032 2144 1502)
l (16 18 1) (2038 2137 1502)
l (16 18 1) (2044 2130 1501)
l (16 18 1) (2050 2122 1501)
l (16 18 1) (2054 2118 1501)
l (14 19 2) (2059 2111 1502)
l (14 19 2) (2065 2103 1503)
l (14 19 2) (2070 2096 1504)
l (14 19 2) (2076 2088 1505)
l (14 19 2) (2078 2085 1505)
l (12 20 4) (2083 2077 1507)
l (12 20 4) (2088 2069 1509)
l (13 20 5) (2093 2061 1511)
l (13 20 5) (2098 2054 1513)
l (13 20 5) (2100 2050 1514)
l (10 21 7) (2104 2042 1516)
l (10 21 7) (2109 2034 1519)
l (11 21 7) (2113 2026 1522)
l (11 21 7) (2117 2018 1525)
l (11 20 7) (2119 2013 1527)
l (8 21 10) (2123 2005 1530)
l (8 21 10) (2126 1997 1534)
l (8 21 10) (2129 1988 1538)
l (8 21 10) (2132 1980 1542)
l (8 21 10) (2135 1975 1545)
l (5 21 12) (2137 1966 1550)
l (5 21 12) (2139 1958 1555)
l (5 21 12) (2141 1950 1560)
l (5 21 13) (2143 1942 1565)
l (6 21 13) (2145 1935 1569)
l (2 20 15) (2146 1927 1575)
l (2 20 15) (2147 1919 1581)
l (2 20 15) (2148 1911 1587)
l (2 20 15) (2149 1903 1593)
l (3 20 15) (2150 1895 1599)
l (3 20 15) (2151 1893 1601)
l (1 19 16) (2150 1885 1607)
l (1 19 17) (2150 1878 1614)
l (1 19 17) (2150 1871 1620)
l (1 19 17) (2150 1863 1627)
l (1 19 17) (2150 1856 1634)
l (1 18 17) (2150 1850 1639)
l (3 17 18) (2149 1843 1646)
l (3 17 18) (2148 1837 1653)
l (3 17 18) (2147 1830 1661)
l (3 17 18) (2146 1823 1668)
l (2 17 18) (2145 1817 1675)
l (2 17 18) (2144 1810 1682)
l (2 17 19) (2143 1807 1686)
l (5 15 19) (2142 1801 1694)
l (5 15 19) (2140 1795 1701)
l (5 15 19) (2138 1789 1709)
l (4 15 19) (2136 1783 1716)
l (4 15 19) (2134 1777 1724)
l (4 15 20) (2133 1771 1732)
l (4 15 20) (2131 1765 1740)
l (4 15 20) (2130 1763 1742)
l (6 13 20) (2128 1758 1750)
l (6 13 20) (2125 1753 1758)
l (6 13 20) (2123 1748 1766)
l (6 13 20) (2121 1743 1774)
l (6 13 20) (2118 1738 1782)
l (6 13 20) (2116 1733 1790)
l (6 13 21) (2114 1728 1798)
l (5 12 21) (2112 1723 1806)
l (5 12 21) (2111 1721 1809)
l (7 11 21) (2108 1717 1818)
l (7 11 21) (2105 1712 1826)
l (7 11 21) (2103 1708 1834)
l (7 11 21) (2100 1704 1842)
l (7 11 21) (2097 1700 1851)
l (7 11 21) (2094 1695 1859)
l (7 10 21) (2092 1691 1867)
l (6 10 21) (2089 1687 1876)
l (6 10 21) (2087 1683 1884)
l (6 10 22) (2086 1681 1889)
l (8 9 21) (2083 1678 1897)
l (8 9 21) (2079 1674 1906)
l (7 9 22) (2077 1671 1914)
l (7 9 22) (2074 1667 1923)
l (7 8 22) (2071 1664 1931)
l (7 8 22) (2068 1661 1940)
l (7 8 22) (2065 1658 1949)
l (7 8 22) (2062 1654 1957)
l (7 8 22) (2060 1651 1966)
l (7 8 22) (2057 1648 1975)
l (7 8 22) (2055 1646 1982)
l (16 16 12) (2061 1639 1987)
l (16 16 12) (2066 1635 1990)
l (35 37 35) (2052 1620 1977)
l (35 37 35) (2038 1605 1963)
l (35 37 34) (2025 1591 1950)
l (35 37 34) (2011 1576 1936)
l (35 37 34) (1997 1562 1923)
l (35 37 34) (1984 1547 1910)
l (35 37 34) (1970 1532 1896)
l (34 37 34) (1957 1518 1883)
m (16 1 18) (1951 1518 1890)
m (16 1 18) (1944 1518 1898)
m (16 1 19) (1938 1518 1905)
m (16 1 19) (1932 1518 1912)
m (15 1 19) (1926 1518 1920)
m (15 1 19) (1920 1519 1927)
m (15 1 19) (1914 1519 1935)
m (15 1 19) (1908 1519 1942)
m (15 1 19) (1902 1520 1950)
m (15 1 19) (1896 1520 1957)
m (15 1 19) (1891 1521 1965)
m (15 1 19) (1885 1521 1973)
m (15 1 20) (1879 1522 1980)
m (15 1 20) (1873 1523 1988)
m (14 2 20) (1868 1523 1996)
m (14 2 20) (1862 1524 2004)
m (14 2 20) (1856 1525 2011)
m (14 2 20) (1851 1526 2019)
m (14 2 20) (1845 1527 2027)
m (14 2 20) (1840 1528 2035)
m (14 2 20) (1834 1529 2043)
m (14 2 20) (1829 1530 2051)
m (14 3 20) (1824 1531 2059)
m (13 3 21) (1818 1532 2067)
m (13 3 21) (1813 1533 2075)
m (13 3 21) (1808 1534 2084)
m (13 3 21) (1803 1536 2092)
m (13 3 21) (1798 1537 2100)
m (13 3 21) (1792 1538 2108)
m (13 3 21) (1787 1540 2117)
m (13 4 21) (1782 1541 2125)
m (13 4 21) (1777 1543 2134)
m (13 4 21) (1772 1544 2142)
m (12 4 22) (1768 1546 2150)
m (12 4 22) (1763 1548 2159)
m (12 4 22) (1758 1549 2167)
m (12 4 22) (1754 1551 2174)
m (36 37 33) (1768 1565 2187)
m (36 37 33) (1783 1580 2200)
m (36 37 33) (1797 1595 2213)
m (36 37 33) (1811 1609 2226)
m (36 37 33) (1825 1624 2239)
m (36 37 33) (1839 1639 2252)
m (36 37 34) (1854 1653 2265)
m (36 37 34) (1868 1668 2278)
m (16 9 17) (1862 1672 2285)
m (16 9 17) (1855 1675 2291)
m (16 10 17) (1849 1679 2298)
m (16 10 17) (1843 1683 2305)
m (16 10 17) (1837 1687 2311)
m (16 10 17) (1830 1691 2318)
m (16 10 17) (1824 1695 2325)
m (15 10 17) (1822 1697 2328)
l (17 12 15) (1815 1702 2334)
l (17 12 15) (1808 1707 2340)
l (17 12 15) (1802 1711 2346)
l (16 12 15) (1795 1716 2352)
l (16 13 15) (1789 1721 2358)
l (16 13 15) (1783 1726 2364)
l (16 13 15) (1776 1732 2370)
l (16 13 15) (1776 1732 2370)
l (17 15 12) (1769 1737 2375)
l (17 15 13) (1763 1743 2380)
l (17 15 13) (1756 1749 2385)
l (17 15 13) (1749 1755 2390)
l (17 15 13) (1743 1761 2395)
l (17 15 13) (1736 1767 2400)
l (17 15 13) (1732 1771 2403)
l (17 17 10) (1725 1777 2407)
l (17 17 10) (1719 1784 2411)
l (17 17 10) (1712 1791 2416)
l (17 17 10) (1705 1797 2420)
l (17 17 11) (1698 1804 2424)
l (17 17 11) (1692 1811 2428)
l (17 17 11) (1690 1813 2430)
l (17 18 8) (1683 1821 2433)
l (17 18 8) (1676 1828 2436)
l (17 19 8) (1670 1835 2439)
l (17 19 8) (1663 1843 2442)
l (17 19 8) (1656 1850 2446)
l (17 19 8) (1650 1857 2449)
l (17 19 8) (1649 1858 2449)
l (17 20 5) (1643 1866 2451)
l (17 20 5) (1636 1874 2454)
l (16 20 6) (1630 1882 2456)
l (16 20 6) (1623 1890 2458)
l (16 20 6) (1617 1898 2460)
l (16 20 6) (1611 1905 2463)
l (16 21 3) (1605 1913 2464)
l (16 21 3) (1599 1921 2465)
l (16 21 3) (1592 1929 2466)
l (16 21 3) (1586 1937 2468)
l (16 21 3) (1580 1946 2469)
l (15 21 4) (1576 1952 2470)
l (15 21 1) (1570 1960 2470)
l (15 21 1) (1564 1968 2471)
l (15 21 1) (1558 1977 2471)
l (15 22 1) (1552 1985 2472)
l (15 22 1) (1547 1994 2472)
l (15 22 1) (1544 1998 2472)
l (1 1 27) (1544 1998 2462)
l (1 2 27) (1545 1999 2456)
l (38 36 34) (1530 1985 2443)
l (38 36 34) (1515 1970 2429)
l (38 36 34) (1500 1956 2416)
l (38 36 34) (1485 1942 2403)
l (38 36 33) (1470 1928 2390)
l (38 36 33) (1455 1914 2377)
l (38 36 33) (1439 1900 2364)
l (38 36 33) (1424 1886 2351)
m (15 21 12) (1430 1878 2346)
m (15 21 12) (1436 1870 2342)
m (15 20 12) (1442 1862 2337)
m (15 20 12) (1448 1854 2332)
m (15 20 12) (1454 1846 2328)
m (15 20 11) (1460 1838 2323)
m (16 20 11) (1467 1830 2319)
m (16 20 11) (1473 1822 2314)
m (16 20 11) (1479 1815 2310)
m (16 20 11) (1485 1807 2306)
m (16 19 11) (1492 1799 2301)
m (16 19 11) (1498 1792 2297)
m (16 19 11) (1504 1784 2293)
m (16 19 10) (1511 1777 2289)
m (16 19 10) (1517 1769 2285)
m (17 19 10) (1524 1762 2281)
m (17 19 10) (1530 1755 2277)
m (17 19 10) (1537 1747 2273)
m (17 18 10) (1544 1740 2269)
m (17 18 10) (1550 1733 2265)
m (17 18 10) (1557 1726 2261)
m (17 18 9) (1564 1719 2258)
m (17 18 9) (1571 1712 2254)
m (17 18 9) (1577 1705 2250)
m (17 18 9) (1584 1698 2247)
m (18 18 9) (1591 1691 2243)
m (18 18 9) (1598 1684 2240)
m (18 17 9) (1605 1677 2236)
m (18 17 9) (1612 1670 2233)
m (18 17 8) (1620 1663 2230)
m (18 17 8) (1627 1657 2226)
m (18 17 8) (1634 1650 2223)
m (18 17 8) (1641 1643 2220)
m (18 17 8) (1648 1637 2217)
m (19 17 8) (1656 1630 2214)
m (19 16 8) (1663 1624 2211)
m (19 16 8) (1670 1617 2208)
m (19 16 7) (1678 1611 2205)
m (19 16 7) (1685 1605 2202)
m (19 16 7) (1693 1598 2199)
m (19 16 7) (1700 1592 2196)
m (19 16 7) (1708 1586 2193)
m (19 16 7) (1716 1580 2191)
m (19 16 7) (1723 1574 2188)
m (20 15 7) (1731 1568 2186)
m (20 15 6) (1739 1562 2183)
m (20 15 6) (1747 1556 2180)
m (20 15 6) (1753 1551 2178)
m (36 37 33) (1767 1566 2191)
m (36 37 33) (1781 1580 2204)
m (36 37 33) (1795 1595 2217)
m (36 37 33) (1809 1609 2230)
m (36 37 33) (1824 1624 2243)
m (36 37 33) (1838 1639 2256)
m (36 37 34) (1852 1653 2270)
m (36 37 34) (1866 1668 2283)
m (1 6 25) (1866 1667 2288)
l (5 10 24) (1869 1663 2297)
l (5 10 24) (1869 1662 2300)
l (13 14 19) (1874 1656 2307)
l (13 14 19) (1879 1651 2314)
l (18 16 10) (1886 1645 2318)
l (18 16 10) (1893 1638 2322)
l (18 16 11) (1900 1632 2326)
l (20 16 2) (1908 1626 2327)
l (20 16 3) (1914 1621 2328)
l (20 14 7) (1922 1616 2325)
l (20 14 7) (1927 1612 2323)
l (17 10 14) (1934 1608 2318)
l (17 10 14) (1939 1605 2314)
l (15 7 19) (1944 1603 2306)
l (15 7 18) (1950 1600 2299)
l (12 4 21) (1955 1598 2291)
l (12 4 21) (1960 1597 2283)
l (12 4 21) (1965 1595 2275)
l (13 4 21) (1970 1594 2267)
l (13 4 21) (1975 1592 2259)
l (13 4 21) (1980 1591 2251)
l (13 3 20) (1985 1589 2243)
l (13 3 20) (1990 1588 2235)
l (13 3 20) (1995 1587 2227)
l (13 3 20) (1998 1586 2222)
l (16 6 17) (2005 1584 2215)
l (16 5 17) (2011 1582 2208)
l (16 5 17) (2017 1580 2202)
l (16 5 17) (2024 1577 2195)
l (16 5 17) (2027 1576 2192)
l (17 6 16) (2034 1574 2186)
l (17 6 16) (2041 1572 2179)
l (17 5 16) (2047 1570 2173)
l (17 5 15) (2054 1568 2167)
l (17 5 15) (2061 1566 2161)
l (16 3 18) (2067 1564 2154)
l (16 3 18) (2073 1563 2147)
l (16 3 18) (2077 1563 2144)
l (13 1 20) (2082 1563 2136)
l (13 1 20) (2087 1563 2128)
l (13 1 20) (2090 1563 2123)
l (8 3 23) (2093 1564 2114)
l (9 4 22) (2097 1565 2106)
l (9 4 22) (2099 1567 2099)
l (3 7 24) (2101 1569 2090)
l (4 7 24) (2102 1572 2080)
l (4 8 24) (2104 1575 2071)
l (4 8 23) (2104 1576 2070)
l (1 10 24) (2104 1580 2061)
l (1 10 23) (2103 1584 2052)
l (1 10 23) (2103 1588 2042)
l (1 11 23) (2103 1591 2036)
l (6 13 22) (2101 1597 2027)
l (6 13 22) (2098 1602 2019)
l (6 14 22) (2098 1603 2017)
l (13 16 17) (2092 1609 2010)
l (13 16 17) (2090 1612 2007)
l (16 16 14) (2084 1618 2002)
l (16 16 14) (2084 1618 2001)
l (18 16 11) (2077 1625 1997)
l (18 16 11) (2070 1631 1993)
l (18 16 11) (2063 1637 1988)
l (18 16 11) (2060 1640 1987)
l (18 16 10) (2053 1647 1983)
l (18 16 10) (2046 1653 1979)
l (18 16 10) (2039 1659 1975)
l (18 16 9) (2032 1666 1971)
l (18 16 9) (2025 1672 1968)
l (17 17 9) (2018 1679 1964)
l (17 17 9) (2011 1686 1961)
l (17 17 9) (2011 1686 1960)
l (16 17 10) (2004 1693 1956)
l (16 17 10) (1998 1699 1952)
l (16 17 10) (1992 1706 1948)
l (16 17 10) (1985 1713 1944)
l (16 17 10) (1979 1720 1940)
l (16 17 10) (1973 1727 1937)
l (16 18 10) (1967 1734 1933)
l (15 18 10) (1961 1741 1929)
l (15 18 9) (1955 1748 1925)
l (15 18 9) (1953 1749 1924)
l (16 18 8) (1947 1756 1921)
l (16 18 8) (1941 1763 1918)
l (16 18 7) (1934 1770 1916)
l (16 18 7) (1929 1777 1913)
l (18 17 3) (1922 1784 1912)
l (18 17 3) (1918 1788 1911)
l (20 15 2) (1910 1794 1912)
l (19 15 2) (1907 1796 1912)
l (20 11 9) (1900 1800 1916)
l (20 11 10) (1892 1804 1920)
l (20 11 10) (1890 1805 1921)
l (18 5 16) (1883 1808 1927)
l (18 5 16) (1876 1810 1933)
l (18 5 16) (1874 1810 1935)
l (14 1 20) (1869 1810 1943)
l (14 1 20) (1863 1810 1951)
l (13 1 20) (1860 1810 1956)
l (10 4 22) (1856 1808 1964)
l (10 4 22) (1852 1806 1973)
l (10 4 22) (1849 1805 1982)
l (10 4 22) (1847 1804 1985)
l (5 8 23) (1845 1801 1994)
l (5 8 23) (1843 1797 2003)
l (5 8 23) (1841 1794 2012)
l (5 8 23) (1839 1791 2021)
l (5 8 23) (1838 1789 2026)
l (1 11 22) (1838 1785 2035)
l (1 11 22) (1838 1780 2044)
l (1 11 22) (1837 1776 2053)
l (1 11 22) (1837 1772 2061)
l (1 11 23) (1837 1768 2070)
l (1 10 23) (1837 1765 2076)
l (2 12 22) (1838 1760 2084)
l (2 12 22) (1839 1756 2093)
l (2 12 22) (1840 1751 2102)
l (2 12 22) (1841 1746 2110)
l (3 12 22) (1842 1741 2119)
l (3 12 22) (1843 1739 2123)
l (6 14 20) (1845 1734 2132)
l (6 14 21) (1847 1728 2140)
l (6 14 21) (1850 1723 2148)
l (6 13 21) (1853 1717 2156)
l (7 13 21) (1853 1716 2159)
l (8 14 20) (1857 1710 2167)
l (8 14 20) (1860 1705 2175)
l (8 14 20) (1862 1701 2180)
l (5 12 22) (1864 1696 2188)
l (5 12 22) (1866 1692 2197)
l (5 12 22) (1867 1690 2201)
l (2 9 24) (1868 1686 2210)
l (2 9 24) (1868 1683 2220)
l (2 9 24) (1869 1679 2230)
l (2 9 24) (1870 1676 2239)
l (2 8 25) (1870 1675 2241)
l (2 5 25) (1869 1673 2251)
l (2 5 25) (1869 1671 2261)
l (1 5 25) (1868 1669 2271)
l (1 5 25) (1868 1669 2271)
l (4 3 25) (1867 1668 2281)
l (4 3 25) (1866 1668 2283)
l (36 37 34) (1852 1653 2270)
l (36 37 34) (1838 1639 2256)
l (36 37 34) (1824 1624 2243)
l (36 37 33) (1809 1609 2230)
l (36 37 33) (1795 1595 2217)
l (36 37 33) (1781 1580 2204)
l (36 37 33) (1767 1566 2191)
l (36 37 33) (1753 1551 2178)
m (20 16 4) (1745 1557 2180)
m (20 16 4) (1737 1563 2181)
m (20 16 4) (1729 1570 2183)
m (20 16 4) (1721 1576 2185)
m (20 16 4) (1714 1583 2186)
m (20 16 4) (1706 1589 2188)
m (20 16 4) (1698 1596 2190)
m (19 17 4) (1691 1602 2192)
m (19 17 5) (1683 1609 2194)
m (19 17 5) (1676 1615 2195)
m (19 17 5) (1668 1622 2197)
m (19 17 5) (1661 1629 2199)
m (19 17 5) (1653 1636 2202)
m (19 17 5) (1646 1642 2204)
m (19 17 5) (1638 1649 2206)
m (19 17 5) (1631 1656 2208)
m (18 18 6) (1624 1663 2210)
m (18 18 6) (1617 1670 2213)
m (18 18 6) (1610 1677 2215)
m (18 18 6) (1602 1684 2217)
m (18 18 6) (1595 1691 2220)
m (18 18 6) (1588 1699 2222)
m (18 18 6) (1581 1706 2225)
m (18 18 6) (1574 1713 2228)
m (18 19 7) (1567 1720 2230)
m (18 19 7) (1560 1728 2233)
m (17 19 7) (1554 1735 2236)
m (17 19 7) (1547 1743 2238)
m (17 19 7) (1540 1750 2241)
m (17 19 7) (1533 1758 2244)
m (17 19 7) (1527 1765 2247)
m (17 19 7) (1520 1773 2250)
m (17 19 8) (1513 1781 2253)
m (17 20 8) (1507 1788 2256)
m (17 20 8) (1500 1796 2259)
m (16 20 8) (1494 1804 2263)
m (16 20 8) (1488 1812 2266)
m (16 20 8) (1481 1820 2269)
m (16 20 8) (1475 1828 2273)
m (16 20 9) (1469 1836 2276)
m (16 20 9) (1462 1844 2279)
m (16 20 9) (1456 1852 2283)
m (16 21 9) (1450 1860 2287)
m (16 21 9) (1444 1868 2290)
m (15 21 9) (1438 1876 2294)
m (15 21 9) (1432 1884 2298)
m (15 21 9) (1426 1893 2301)
m (15 21 10) (1420 1901 2305)
m (15 21 10) (1414 1909 2309)
m (15 21 10) (1408 1918 2313)
m (15 22 10) (1402 1926 2317)
m (15 22 10) (1397 1935 2321)
m (15 22 10) (1391 1943 2325)
m (14 22 10) (1385 1952 2329)
m (14 22 10) (1380 1961 2333)
m (14 22 11) (1374 1969 2337)
m (14 22 11) (1369 1978 2342)
m (14 22 11) (1363 1987 2346)
m (14 22 11) (1358 1996 2350)
m (14 23 11) (1352 2005 2355)
m (14 23 11) (1347 2014 2359)
m (13 23 11) (1342 2023 2364)
m (13 23 12) (1336 2032 2369)
m (13 23 12) (1331 2041 2373)
m (13 23 12) (1326 2050 2378)
m (13 23 12) (1321 2059 2383)
m (13 23 12) (1316 2068 2388)
m (13 24 12) (1313 2073 2390)
m (39 35 33) (1329 2087 2403)
m (39 35 33) (1344 2100 2416)
m (39 35 33) (1359 2114 2429)
m (39 35 34) (1375 2128 2442)
m (39 36 34) (1390 2142 2456)
m (39 36 34) (1405 2156 2469)
m (39 36 34) (1420 2170 2483)
m (39 36 35) (1436 2184 2496)
m (12 24 3) (1431 2194 2498)
m (12 24 3) (1426 2203 2499)
m (12 24 3) (1422 2213 2500)
m (12 24 3) (1417 2223 2502)
m (11 24 4) (1413 2232 2503)
m (11 25 4) (1408 2242 2505)
m (11 25 4) (1407 2245 2505)
l (10 24 1) (1403 2254 2505)
l (10 24 1) (1399 2263 2505)
l (10 24 1) (1396 2271 2504)
l (9 22 6) (1392 2280 2502)
l (9 22 6) (1389 2289 2500)
l (8 22 6) (1387 2294 2498)
l (6 18 14) (1384 2301 2493)
l (6 18 13) (1382 2308 2488)
l (6 18 13) (1381 2313 2485)
l (2 11 21) (1380 2317 2476)
l (2 12 21) (1379 2322 2468)
l (2 12 20) (1379 2326 2462)
l (1 5 25) (1379 2328 2452)
l (1 5 25) (1380 2330 2442)
l (1 5 25) (1380 2332 2432)
l (2 5 25) (1381 2333 2428)
l (4 1 27) (1382 2333 2417)
l (4 1 27) (1384 2333 2407)
l (4 1 27) (1386 2333 2396)
l (4 1 26) (1387 2333 2386)
l (4 1 26) (1388 2333 2382)
l (7 6 27) (1391 2331 2371)
l (7 6 27) (1394 2328 2361)
l (7 6 27) (1396 2326 2350)
l (7 6 27) (1397 2325 2347)
l (11 16 24) (1402 2319 2337)
l (11 16 24) (1406 2313 2328)
l (11 16 24) (1409 2308 2321)
l (12 23 16) (1414 2299 2315)
l (12 23 16) (1418 2290 2308)
l (12 23 15) (1422 2283 2304)
l (11 25 7) (1426 2274 2301)
l (11 25 7) (1431 2264 2298)
l (11 25 7) (1435 2255 2296)
l (10 24 1) (1439 2245 2296)
l (10 24 1) (1443 2236 2296)
l (10 24 1) (1447 2226 2296)
l (10 24 1) (1448 2224 2296)
l (8 22 6) (1451 2215 2299)
l (8 22 6) (1454 2207 2302)
l (8 22 7) (1458 2198 2304)
l (8 22 7) (1459 2195 2305)
l (6 19 12) (1461 2187 2310)
l (6 19 12) (1464 2179 2315)
l (6 19 12) (1466 2172 2320)
l (6 19 12) (1467 2169 2322)
l (3 15 18) (1469 2163 2329)
l (4 15 18) (1470 2157 2336)
l (4 15 18) (1472 2152 2343)
l (4 14 18) (1472 2150 2346)
l (3 13 19) (1474 2144 2354)
l (3 13 19) (1475 2139 2361)
l (3 13 20) (1476 2134 2369)
l (3 13 20) (1478 2129 2377)
l (4 13 20) (1478 2127 2379)
l (6 17 16) (1481 2121 2385)
l (6 17 16) (1483 2114 2391)
l (7 17 16) (1486 2108 2397)
l (7 16 16) (1487 2105 2400)
l (9 20 11) (1491 2097 2404)
l (9 20 11) (1495 2089 2409)
l (9 19 11) (1498 2083 2412)
l (11 21 6) (1502 2074 2415)
l (11 21 6) (1507 2066 2417)
l (12 21 6) (1509 2062 2419)
l (13 22 3) (1514 2053 2420)
l (13 22 3) (1519 2044 2421)
l (13 22 3) (1525 2036 2422)
l (13 22 3) (1530 2027 2423)
l (13 22 3) (1531 2026 2423)
l (12 21 7) (1536 2017 2426)
l (12 21 7) (1539 2012 2428)
l (8 16 16) (1542 2006 2434)
l (9 16 16) (1544 2003 2437)
l (3 8 24) (1545 2000 2447)
l (3 8 24) (1545 1999 2452)
l (2 1 27) (1545 1998 2462)
l (1 1 27) (1544 1998 2468)
l (5 5 27) (1542 2000 2479)
l (5 5 28) (1541 2001 2486)
l (8 10 26) (1537 2005 2496)
l (8 11 26) (1535 2008 2503)
l (11 16 22) (1531 2014 2512)
l (11 16 22) (1528 2018 2517)
l (14 20 15) (1523 2026 2523)
l (14 20 15) (1519 2031 2527)
l (14 22 5) (1514 2040 2529)
l (14 23 5) (1509 2048 2531)
l (13 21 4) (1504 2056 2529)
l (13 21 4) (1499 2064 2527)
l (13 22 4) (1498 2066 2527)
l (12 20 9) (1493 2074 2524)
l (11 20 8) (1489 2082 2520)
l (11 20 8) (1484 2090 2517)
l (11 20 8) (1480 2098 2514)
l (11 20 8) (1476 2106 2511)
l (11 21 8) (1471 2114 2508)
l (11 21 8) (1467 2122 2505)
l (11 21 8) (1463 2131 2502)
l (11 21 7) (1462 2133 2501)
l (11 22 5) (1457 2141 2499)
l (11 22 5) (1453 2150 2497)
l (11 22 5) (1449 2158 2495)
l (12 23 1) (1444 2168 2496)
l (12 24 1) (1439 2177 2496)
l (12 24 1) (1436 2184 2496)
l (39 36 35) (1420 2170 2483)
l (39 36 35) (1405 2156 2469)
l (39 36 34) (1390 2142 2456)
l (39 36 34) (1375 2128 2442)
l (39 36 34) (1359 2114 2429)
l (39 35 34) (1344 2100 2416)
l (39 35 33) (1329 2087 2403)
l (39 35 33) (1313 2073 2390)
m (8 12 27) (1317 2068 2379)
m (8 12 27) (1320 2064 2369)
m (8 12 27) (1323 2059 2359)
m (9 11 26) (1327 2055 2348)
m (9 11 26) (1330 2050 2338)
m (9 11 26) (1334 2046 2328)
m (9 11 26) (1337 2041 2317)
m (9 11 26) (1341 2037 2307)
m (9 11 26) (1345 2033 2297)
m (9 11 26) (1348 2029 2287)
m (9 10 26) (1352 2025 2277)
m (10 10 25) (1356 2021 2267)
m (10 10 25) (1360 2017 2257)
m (10 10 25) (1364 2013 2247)
m (10 10 25) (1368 2009 2237)
m (10 10 25) (1372 2005 2228)
m (10 10 25) (1376 2001 2218)
m (10 9 25) (1380 1998 2208)
m (10 9 25) (1384 1994 2198)
m (10 9 25) (1388 1990 2189)
m (11 9 25) (1392 1987 2179)
m (11 9 24) (1396 1983 2170)
m (11 9 24) (1401 1980 2160)
m (11 9 24) (1405 1976 2151)
m (11 9 24) (1409 1973 2141)
m (11 8 24) (1414 1970 2132)
m (11 8 24) (1418 1966 2122)
m (11 8 24) (1423 1963 2113)
m (11 8 24) (1427 1960 2104)
m (12 8 24) (1432 1957 2095)
m (12 8 23) (1437 1954 2085)
m (12 8 23) (1441 1951 2076)
m (12 7 23) (1446 1948 2067)
m (12 7 23) (1451 1945 2058)
m (12 7 23) (1456 1942 2049)
m (12 7 23) (1461 1939 2040)
m (12 7 23) (1466 1937 2031)
m (13 7 23) (1471 1934 2022)
m (13 7 23) (1476 1931 2013)
m (13 7 23) (1481 1929 2004)
m (13 6 22) (1486 1926 1995)
m (13 6 22) (1491 1924 1987)
m (13 6 22) (1496 1921 1978)
m (13 6 22) (1501 1919 1969)
m (13 6 22) (1507 1917 1961)
m (13 6 22) (1512 1914 1952)
m (14 6 22) (1517 1912 1943)
m (14 6 22) (1523 1910 1935)
m (14 5 22) (1528 1908 1926)
m (14 5 22) (1534 1906 1918)
m (14 5 21) (1539 1904 1910)
m (14 5 21) (1545 1902 1901)
m (14 5 21) (1550 1900 1893)
m (14 5 21) (1556 1898 1885)
m (14 5 21) (1562 1896 1876)
m (14 4 21) (1567 1894 1868)
m (15 4 21) (1573 1892 1860)
m (15 4 21) (1579 1891 1852)
m (15 4 21) (1585 1889 1844)
m (15 4 21) (1591 1888 1836)
m (15 4 20) (1597 1886 1827)
m (15 4 20) (1603 1884 1819)
m (15 4 20) (1609 1883 1812)
m (15 3 20) (1615 1882 1804)
m (15 3 20) (1621 1880 1796)
m (16 3 20) (1627 1879 1788)
m (16 3 20) (1633 1878 1780)
m (16 3 20) (1639 1877 1772)
m (16 3 20) (1646 1875 1765)
m (16 3 20) (1652 1874 1757)
m (16 3 19) (1658 1873 1749)
m (16 2 19) (1665 1872 1742)
m (16 2 19) (1671 1871 1734)
m (16 2 19) (1678 1870 1727)
m (17 2 19) (1684 1869 1719)
m (17 2 19) (1690 1869 1712)
m (36 35 35) (1704 1882 1726)
m (36 35 35) (1718 1896 1740)
m (36 35 35) (1732 1910 1753)
m (36 35 35) (1746 1923 1767)
m (36 35 35) (1761 1937 1781)
m (36 35 35) (1775 1951 1795)
m (36 35 35) (1789 1965 1808)
m (36 35 35) (1803 1978 1822)
m (7 11 20) (1806 1983 1814)
m (7 11 20) (1809 1987 1807)
l (3 16 19) (1810 1993 1800)
l (3 16 18) (1811 1998 1794)
l (2 19 15) (1810 2006 1788)
l (1 19 15) (1810 2012 1783)
l (6 21 11) (1807 2020 1778)
l (6 21 11) (1805 2027 1775)
l (10 21 6) (1801 2035 1772)
l (10 21 6) (1798 2042 1770)
l (14 20 1) (1792 2050 1770)
l (14 20 1) (1788 2057 1770)
l (17 18 5) (1781 2064 1772)
l (16 18 5) (1776 2069 1774)
l (18 14 10) (1769 2075 1778)
l (18 14 10) (1763 2080 1781)
l (18 9 15) (1756 2083 1787)
l (18 10 15) (1750 2087 1792)
l (17 4 18) (1744 2088 1799)
l (17 4 18) (1738 2090 1805)
l (15 1 20) (1732 2089 1813)
l (15 1 20) (1728 2089 1820)
l (11 6 21) (1723 2086 1828)
l (11 6 21) (1719 2084 1836)
l (7 11 20) (1716 2080 1843)
l (7 11 20) (1714 2076 1851)
l (3 15 18) (1712 2070 1858)
l (3 15 18) (1712 2065 1864)
l (1 19 15) (1712 2057 1870)
l (2 19 15) (1713 2051 1875)
l (6 21 11) (1715 2043 1879)
l (6 21 11) (1717 2036 1883)
l (10 22 6) (1721 2028 1885)
l (11 21 6) (1725 2021 1887)
l (14 21 1) (1730 2013 1887)
l (14 21 1) (1735 2006 1887)
l (17 18 5) (1741 1999 1885)
l (17 18 5) (1747 1994 1883)
l (18 15 10) (1754 1988 1879)
l (18 14 10) (1759 1983 1876)
l (18 10 15) (1766 1979 1870)
l (18 10 15) (1772 1976 1865)
l (17 4 18) (1779 1974 1858)
l (17 4 18) (1784 1973 1852)
l (14 1 20) (1790 1973 1844)
l (14 1 20) (1795 1974 1838)
l (11 6 21) (1799 1976 1829)
l (11 6 21) (1803 1978 1822)
l (36 35 35) (1789 1965 1808)
l (36 35 35) (1775 1951 1795)
l (36 35 35) (1761 1937 1781)
l (36 35 35) (1746 1923 1767)
l (36 35 35) (1732 1910 1753)
l (36 35 35) (1718 1896 1740)
l (36 35 35) (1704 1882 1726)
l (36 35 35) (1690 1869 1712)
m (19 12 12) (1683 1873 1717)
m (19 12 12) (1675 1878 1722)
m (19 12 12) (1668 1883 1727)
m (19 12 13) (1660 1887 1732)
m (19 12 13) (1653 1892 1737)
m (19 12 13) (1646 1897 1742)
m (18 12 13) (1638 1902 1747)
m (18 12 13) (1631 1907 1752)
m (18 13 13) (1624 1912 1758)
m (18 13 13) (1617 1917 1763)
m (18 13 13) (1610 1922 1768)
m (18 13 13) (1603 1927 1774)
m (18 13 14) (1602 1927 1774)
m (37 34 34) (1617 1941 1787)
m (37 34 34) (1631 1954 1801)
m (37 35 35) (1645 1968 1815)
m (37 35 35) (1660 1982 1828)
m (37 35 35) (1674 1995 1842)
m (37 35 35) (1688 2009 1855)
m (37 35 35) (1703 2023 1869)
m (37 35 35) (1717 2036 1883)
m (11 22 4) (1722 2028 1885)
m (11 21 5) (1723 2026 1885)
l (16 4 19) (1729 2024 1877)
l (16 4 19) (1735 2023 1870)
l (16 4 19) (1741 2021 1862)
l (16 4 19) (1746 2020 1857)
l (12 3 21) (1751 2021 1849)
l (13 3 21) (1756 2023 1841)
l (13 4 21) (1761 2024 1832)
l (13 4 21) (1764 2025 1828)
l (8 10 21) (1767 2029 1820)
l (8 10 20) (1770 2033 1812)
l (8 11 20) (1774 2038 1804)
l (8 11 20) (1776 2040 1799)
l (3 16 18) (1777 2046 1792)
l (3 16 18) (1779 2053 1785)
l (4 16 18) (1780 2059 1777)
l (4 16 18) (1781 2064 1772)
l (17 17 7) (1774 2070 1775)
l (17 17 7) (1773 2072 1776)
l (36 35 36) (1759 2058 1762)
l (36 35 35) (1745 2045 1748)
l (36 35 35) (1730 2031 1734)
l (36 35 35) (1716 2017 1720)
l (36 34 35) (1702 2004 1706)
l (36 34 35) (1688 1991 1693)
l (36 34 35) (1674 1977 1679)
l (36 34 35) (1659 1964 1665)
m (19 9 15) (1652 1967 1671)
m (18 9 15) (1645 1971 1677)
m (18 9 16) (1638 1974 1683)
m (18 9 16) (1630 1978 1689)
m (18 9 16) (1623 1982 1696)
m (18 9 16) (1616 1985 1702)
m (18 9 16) (1609 1989 1708)
m (18 10 16) (1602 1993 1715)
m (18 10 16) (1595 1997 1721)
m (18 10 16) (1588 2001 1728)
m (18 10 16) (1581 2005 1734)
m (17 10 17) (1574 2009 1741)
m (17 10 17) (1568 2013 1747)
m (17 10 17) (1561 2017 1754)
m (17 10 17) (1554 2021 1760)
m (17 11 17) (1547 2025 1767)
m (17 11 17) (1541 2029 1774)
m (17 11 17) (1534 2034 1781)
m (17 11 17) (1528 2038 1788)
m (17 11 17) (1521 2042 1794)
m (17 11 18) (1515 2047 1801)
m (16 11 18) (1508 2051 1808)
m (16 11 18) (1502 2056 1815)
m (16 12 18) (1495 2060 1822)
m (16 12 18) (1489 2065 1830)
m (16 12 18) (1483 2070 1837)
m (16 12 18) (1477 2075 1844)
m (16 12 18) (1470 2079 1851)
m (16 12 18) (1464 2084 1858)
m (16 12 19) (1458 2089 1866)
m (15 12 19) (1452 2094 1873)
m (15 13 19) (1446 2099 1881)
m (15 13 19) (1440 2104 1888)
m (15 13 19) (1434 2109 1896)
m (15 13 19) (1428 2114 1903)
m (15 13 19) (1422 2119 1911)
m (15 13 19) (1417 2124 1918)
m (15 13 19) (1411 2130 1926)
m (15 13 20) (1405 2135 1934)
m (14 14 20) (1399 2140 1942)
m (14 14 20) (1394 2146 1949)
m (14 14 20) (1388 2151 1957)
m (14 14 20) (1383 2157 1965)
m (14 14 20) (1383 2157 1965)
m (38 34 34) (1398 2170 1979)
m (38 34 34) (1413 2183 1992)
m (38 34 34) (1428 2197 2005)
m (38 34 34) (1443 2210 2019)
m (38 34 34) (1458 2224 2032)
m (38 34 34) (1473 2237 2046)
m (38 34 35) (1488 2251 2059)
m (38 35 35) (1503 2264 2073)
m (6 9 22) (1505 2268 2065)
m (6 9 22) (1506 2270 2059)
l (2 14 18) (1507 2275 2052)
l (2 15 18) (1508 2279 2048)
l (1 19 14) (1507 2286 2043)
l (1 19 14) (1507 2290 2040)
l (4 22 8) (1505 2299 2037)
l (4 23 8) (1505 2304 2035)
l (7 24 2) (1502 2314 2034)
l (7 24 2) (1500 2319 2034)
l (10 25 4) (1496 2329 2036)
l (10 25 5) (1494 2334 2037)
l (12 23 11) (1489 2343 2041)
l (12 23 11) (1487 2348 2043)
l (13 20 16) (1481 2356 2049)
l (13 20 16) (1479 2360 2053)
l (13 15 20) (1473 2366 2061)
l (13 15 20) (1470 2370 2066)
l (13 10 23) (1465 2374 2075)
l (12 10 23) (1463 2376 2080)
l (11 4 24) (1458 2377 2089)
l (11 4 24) (1456 2378 2095)
l (9 2 24) (1453 2377 2104)
l (9 2 24) (1451 2376 2109)
l (6 9 22) (1448 2373 2118)
l (6 9 22) (1447 2371 2123)
l (2 14 18) (1446 2365 2130)
l (2 14 18) (1445 2362 2134)
l (1 19 13) (1446 2355 2139)
l (1 19 13) (1446 2351 2142)
l (4 23 8) (1448 2342 2145)
l (4 23 8) (1449 2337 2147)
l (7 25 1) (1452 2327 2148)
l (7 25 1) (1453 2322 2148)
l (10 25 5) (1457 2312 2146)
l (10 25 5) (1459 2307 2145)
l (12 23 11) (1464 2298 2141)
l (12 23 11) (1467 2293 2139)
l (13 20 16) (1472 2285 2132)
l (13 20 16) (1475 2280 2129)
l (13 16 20) (1480 2274 2121)
l (13 15 20) (1483 2271 2116)
l (12 10 23) (1488 2267 2107)
l (12 10 23) (1490 2265 2103)
l (11 4 24) (1495 2263 2093)
l (11 4 24) (1497 2262 2088)
l (8 2 24) (1501 2263 2078)
l (9 3 24) (1503 2264 2073)
l (38 35 35) (1488 2251 2059)
l (38 35 35) (1473 2237 2046)
l (38 34 35) (1458 2224 2032)
l (38 34 34) (1443 2210 2019)
l (38 34 34) (1428 2197 2005)
l (38 34 34) (1413 2183 1992)
l (38 34 34) (1398 2170 1979)
l (38 34 34) (1383 2157 1965)
m (14 13 21) (1377 2162 1973)
m (14 13 21) (1372 2167 1982)
m (14 14 21) (1366 2173 1990)
m (14 14 21) (1361 2178 1998)
m (13 14 21) (1356 2184 2006)
m (13 14 21) (1350 2189 2015)
m (13 14 21) (1345 2195 2023)
m (13 14 21) (1340 2201 2032)
m (13 14 22) (1335 2206 2039)
m (39 34 34) (1351 2219 2053)
m (39 34 34) (1366 2232 2066)
m (39 34 34) (1381 2246 2079)
m (39 34 34) (1396 2259 2093)
m (39 34 34) (1411 2272 2106)
m (39 34 34) (1426 2286 2120)
m (39 35 35) (1441 2300 2133)
m (39 35 35) (1457 2313 2147)
m (11 24 9) (1461 2304 2144)
l (9 1 25) (1464 2304 2134)
l (9 1 25) (1468 2303 2124)
l (9 1 24) (1472 2303 2116)
l (7 4 24) (1475 2304 2106)
l (8 4 23) (1478 2306 2097)
l (8 4 23) (1481 2308 2088)
l (8 4 23) (1482 2308 2085)
l (6 8 22) (1484 2311 2077)
l (6 8 22) (1486 2315 2068)
l (6 8 22) (1489 2318 2060)
l (6 9 22) (1490 2319 2057)
l (4 13 19) (1491 2324 2050)
l (4 13 19) (1493 2330 2042)
l (4 13 19) (1494 2333 2037)
l (11 24 7) (1490 2343 2040)
l (11 24 7) (1489 2343 2040)
l (38 35 35) (1474 2330 2026)
l (38 34 35) (1459 2317 2012)
l (38 34 35) (1444 2303 1999)
l (38 34 35) (1429 2290 1985)
l (38 34 35) (1414 2277 1972)
l (38 34 35) (1399 2263 1958)
l (38 34 34) (1384 2250 1945)
l (38 34 34) (1369 2237 1931)
m (1 19 14) (1369 2245 1926)
m (1 19 14) (1369 2252 1920)
m (1 20 14) (1369 2260 1915)
m (1 20 14) (1370 2268 1910)
m (1 20 14) (1370 2276 1904)
m (1 20 13) (1370 2283 1899)
m (1 20 13) (1371 2291 1894)
m (1 20 13) (1371 2299 1889)
m (1 20 13) (1372 2307 1883)
m (1 20 13) (1372 2315 1878)
m (1 20 13) (1373 2323 1873)
m (1 20 13) (1373 2331 1868)
m (2 20 13) (1374 2339 1863)
m (2 21 13) (1375 2346 1859)
m (38 33 35) (1390 2359 1873)
m (38 33 35) (1405 2372 1886)
m (38 33 35) (1420 2385 1900)
m (38 33 35) (1435 2398 1914)
m (38 34 35) (1450 2411 1928)
m (38 34 35) (1465 2425 1941)
m (38 34 35) (1480 2438 1955)
m (38 34 35) (1495 2452 1969)
m (7 12 19) (1498 2456 1962)
m (7 13 19) (1501 2461 1954)
m (7 13 19) (1504 2466 1947)
m (7 13 19) (1506 2470 1942)
l (10 8 21) (1510 2473 1934)
l (10 8 21) (1513 2476 1926)
l (10 8 21) (1517 2479 1918)
l (10 8 21) (1518 2480 1917)
l (12 3 22) (1523 2481 1908)
l (12 3 22) (1528 2482 1899)
l (12 3 22) (1533 2483 1891)
l (12 3 22) (1533 2484 1889)
l (14 1 22) (1539 2483 1881)
l (14 1 22) (1544 2482 1872)
l (14 1 22) (1550 2482 1863)
l (14 1 22) (1554 2482 1857)
l (15 7 21) (1560 2479 1849)
l (15 7 21) (1565 2476 1842)
l (15 16 18) (1570 2470 1835)
l (15 15 18) (1575 2466 1830)
l (12 22 12) (1580 2457 1825)
l (12 22 12) (1585 2449 1820)
l (13 21 12) (1590 2440 1816)
l (13 21 12) (1593 2434 1812)
l (12 23 9) (1598 2425 1809)
l (12 23 9) (1603 2416 1805)
l (12 23 9) (1607 2407 1802)
l (12 23 9) (1612 2399 1798)
l (13 21 11) (1617 2390 1794)
l (13 21 10) (1622 2383 1790)
l (15 18 14) (1628 2376 1785)
l (15 17 14) (1632 2371 1781)
l (16 11 18) (1639 2366 1774)
l (16 11 18) (1645 2362 1767)
l (16 11 18) (1652 2358 1760)
l (17 10 18) (1656 2355 1755)
l (17 7 19) (1663 2352 1747)
l (17 7 19) (1670 2350 1740)
l (17 7 19) (1676 2347 1733)
l (17 6 18) (1683 2345 1725)
l (17 6 18) (1683 2344 1725)
l (17 9 17) (1690 2341 1718)
l (17 9 17) (1697 2338 1711)
l (17 9 17) (1704 2334 1705)
l (17 8 17) (1710 2331 1699)
l (17 14 14) (1716 2326 1693)
l (17 14 14) (1722 2321 1689)
l (15 19 9) (1728 2314 1685)
l (15 19 9) (1733 2307 1682)
l (12 22 5) (1738 2299 1680)
l (12 22 4) (1742 2292 1679)
l (9 23 1) (1746 2283 1679)
l (9 23 1) (1748 2278 1679)
l (5 24 5) (1750 2268 1681)
l (5 24 5) (1751 2264 1682)
l (1 23 10) (1751 2255 1685)
l (1 23 10) (1751 2251 1687)
l (4 20 14) (1749 2243 1693)
l (4 20 15) (1748 2236 1699)
l (4 19 15) (1746 2228 1704)
l (4 19 15) (1746 2226 1706)
l (7 16 17) (1743 2219 1713)
l (7 16 17) (1740 2213 1720)
l (7 16 17) (1737 2207 1727)
l (7 16 17) (1734 2201 1734)
l (7 16 17) (1734 2200 1735)
l (10 12 19) (1730 2195 1742)
l (10 12 19) (1726 2190 1750)
l (10 12 19) (1724 2187 1754)
l (12 8 20) (1719 2184 1762)
l (12 7 20) (1714 2182 1770)
l (12 7 20) (1709 2179 1778)
l (12 7 20) (1709 2178 1779)
l (14 4 20) (1703 2177 1787)
l (14 4 21) (1698 2175 1795)
l (13 4 21) (1693 2174 1803)
l (13 4 21) (1690 2173 1808)
l (15 1 21) (1684 2173 1816)
l (14 1 21) (1678 2172 1824)
l (14 1 21) (1673 2172 1833)
l (14 1 21) (1668 2172 1840)
l (15 3 20) (1662 2173 1848)
l (15 3 20) (1656 2174 1856)
l (15 3 20) (1650 2176 1864)
l (15 3 21) (1644 2177 1872)
l (15 3 21) (1644 2177 1872)
l (16 6 20) (1638 2180 1880)
l (16 7 20) (1632 2182 1888)
l (15 7 20) (1625 2185 1896)
l (15 7 20) (1619 2188 1904)
l (15 7 20) (1619 2188 1904)
l (16 11 18) (1613 2192 1912)
l (16 11 18) (1606 2197 1919)
l (16 11 18) (1600 2201 1926)
l (15 11 19) (1594 2205 1933)
l (15 11 19) (1594 2206 1934)
l (16 15 16) (1588 2212 1940)
l (15 15 16) (1582 2218 1947)
l (15 15 16) (1576 2224 1953)
l (15 16 16) (1570 2230 1959)
l (15 16 16) (1569 2231 1960)
l (14 19 12) (1563 2238 1965)
l (14 19 13) (1558 2246 1970)
l (14 19 13) (1552 2253 1975)
l (14 20 13) (1547 2261 1980)
l (13 22 9) (1542 2269 1983)
l (13 22 9) (1537 2278 1987)
l (13 22 9) (1532 2287 1990)
l (13 22 9) (1528 2293 1993)
l (11 24 5) (1524 2303 1995)
l (11 24 5) (1520 2312 1997)
l (11 24 5) (1516 2322 1999)
l (10 24 5) (1514 2326 2000)
l (9 25 1) (1510 2336 2000)
l (8 25 1) (1507 2346 2001)
l (8 25 1) (1504 2356 2002)
l (8 25 2) (1503 2359 2002)
l (6 25 2) (1500 2368 2001)
l (6 25 2) (1498 2378 2000)
l (6 25 2) (1496 2388 1999)
l (6 25 2) (1495 2389 1999)
l (3 24 6) (1494 2398 1997)
l (3 24 6) (1493 2408 1994)
l (3 24 6) (1492 2415 1992)
l (1 22 10) (1492 2424 1988)
l (1 22 10) (1492 2432 1984)
l (1 22 10) (1492 2437 1982)
l (4 17 15) (1493 2444 1976)
l (4 18 15) (1495 2450 1970)
l (4 18 15) (1495 2452 1969)
l (38 34 36) (1480 2438 1955)
l (38 34 35) (1465 2425 1941)
l (38 34 35) (1450 2411 1928)
l (38 34 35) (1435 2398 1914)
l (38 34 35) (1420 2385 1900)
l (38 33 35) (1405 2372 1886)
l (38 33 35) (1390 2359 1873)
l (38 33 35) (1375 2346 1859)
m (13 19 17) (1380 2338 1852)
m (13 19 17) (1385 2331 1846)
m (14 19 17) (1391 2323 1839)
m (14 19 16) (1396 2316 1833)
m (14 19 16) (1401 2308 1826)
m (14 19 16) (1407 2301 1820)
m (14 19 16) (1412 2294 1814)
m (14 19 16) (1418 2286 1807)
m (14 18 16) (1424 2279 1801)
m (14 18 16) (1429 2272 1795)
m (14 18 16) (1435 2265 1789)
m (15 18 15) (1441 2258 1783)
m (15 18 15) (1447 2251 1777)
m (15 18 15) (1452 2244 1771)
m (15 18 15) (1458 2237 1765)
m (15 18 15) (1464 2230 1759)
m (15 17 15) (1470 2223 1753)
m (15 17 15) (1476 2216 1747)
m (15 17 15) (1482 2209 1742)
m (15 17 14) (1488 2203 1736)
m (16 17 14) (1495 2196 1730)
m (16 17 14) (1501 2189 1725)
m (16 17 14) (1507 2183 1719)
m (16 17 14) (1513 2176 1714)
m (16 17 14) (1520 2170 1708)
m (16 16 14) (1526 2163 1703)
m (16 16 14) (1532 2157 1698)
m (16 16 13) (1539 2151 1692)
m (16 16 13) (1545 2144 1687)
m (16 16 13) (1552 2138 1682)
m (17 16 13) (1555 2135 1679)
m (37 33 35) (1570 2148 1693)
m (37 33 35) (1584 2161 1707)
m (37 34 35) (1599 2174 1720)
m (37 34 35) (1613 2187 1734)
m (37 34 35) (1628 2200 1748)
m (37 34 35) (1642 2214 1762)
m (37 34 36) (1657 2227 1776)
m (37 34 36) (1672 2241 1790)
m (8 13 19) (1675 2246 1783)
m (8 13 19) (1678 2251 1775)
m (8 13 19) (1681 2255 1770)
l (2 20 13) (1681 2263 1765)
l (2 20 13) (1682 2271 1760)
l (2 20 13) (1682 2274 1758)
l (8 24 2) (1679 2283 1757)
l (8 24 2) (1677 2292 1756)
l (16 17 12) (1670 2299 1761)
l (16 17 13) (1664 2305 1766)
l (16 4 20) (1658 2307 1774)
l (16 4 20) (1652 2308 1781)
l (16 4 20) (1649 2309 1784)
l (13 6 21) (1644 2307 1792)
l (13 5 21) (1639 2304 1800)
l (13 5 21) (1636 2303 1806)
l (8 13 19) (1632 2298 1814)
l (8 13 19) (1629 2293 1821)
l (8 13 19) (1627 2289 1826)
l (2 20 13) (1626 2281 1832)
l (1 20 13) (1626 2273 1837)
l (1 20 14) (1625 2270 1839)
l (8 24 2) (1628 2261 1840)
l (8 24 2) (1631 2252 1840)
l (15 17 13) (1638 2245 1835)
l (16 17 13) (1643 2239 1831)
l (16 5 20) (1650 2237 1823)
l (16 4 20) (1656 2235 1815)
l (16 4 20) (1658 2235 1812)
l (12 5 21) (1663 2237 1804)
l (13 5 21) (1668 2239 1796)
l (13 5 21) (1672 2241 1790)
l (37 34 36) (1657 2227 1776)
l (37 34 36) (1642 2214 1762)
l (37 34 36) (1628 2200 1748)
l (37 34 35) (1613 2187 1734)
l (37 34 35) (1599 2174 1720)
l (37 34 35) (1584 2161 1707)
l (37 34 35) (1570 2148 1693)
l (37 33 35) (1555 2135 1679)
m (16 18 11) (1549 2142 1683)
m (16 18 11) (1543 2149 1688)
m (16 18 11) (1537 2156 1692)
m (16 18 11) (1531 2163 1696)
m (16 18 11) (1524 2170 1701)
m (15 19 11) (1518 2178 1706)
m (15 19 12) (1512 2185 1710)
m (15 19 12) (1506 2193 1715)
m (15 19 12) (1500 2200 1719)
m (15 19 12) (1495 2207 1724)
m (15 19 12) (1489 2215 1729)
m (15 19 12) (1483 2223 1734)
m (15 19 12) (1477 2230 1739)
m (15 19 12) (1471 2238 1744)
m (14 20 13) (1466 2246 1749)
m (14 20 13) (1460 2253 1754)
m (14 20 13) (1455 2261 1759)
m (14 20 13) (1449 2269 1764)
m (14 20 13) (1444 2276 1769)
m (38 33 35) (1459 2289 1782)
m (38 33 35) (1474 2302 1796)
m (38 33 35) (1489 2315 1810)
m (38 33 35) (1503 2328 1824)
m (38 34 35) (1518 2342 1838)
m (38 34 35) (1533 2355 1852)
m (38 34 35) (1548 2368 1866)
m (38 34 36) (1563 2381 1879)
m (8 25 2) (1560 2391 1880)
m (8 25 2) (1557 2401 1881)
m (8 25 2) (1556 2404 1881)
l (13 20 14) (1551 2412 1887)
l (13 20 14) (1545 2420 1892)
l (13 20 14) (1545 2421 1893)
l (15 8 21) (1539 2424 1901)
l (14 8 21) (1533 2428 1910)
l (14 8 21) (1532 2429 1912)
l (11 5 22) (1527 2427 1920)
l (11 5 22) (1523 2425 1929)
l (11 5 22) (1521 2424 1932)
l (6 15 17) (1519 2418 1939)
l (6 15 17) (1517 2412 1946)
l (5 15 17) (1516 2409 1949)
l (1 23 9) (1516 2400 1953)
l (1 23 9) (1517 2391 1956)
l (1 23 9) (1517 2387 1958)
l (8 25 2) (1520 2377 1957)
l (8 25 2) (1523 2367 1957)
l (8 25 2) (1524 2365 1956)
l (13 20 14) (1529 2357 1951)
l (13 20 14) (1534 2349 1946)
l (13 20 14) (1535 2347 1945)
l (14 9 21) (1541 2344 1936)
l (14 8 21) (1547 2341 1928)
l (14 8 21) (1548 2340 1926)
l (11 5 22) (1552 2342 1917)
l (11 5 22) (1557 2344 1909)
l (11 5 22) (1558 2344 1905)
l (5 15 17) (1560 2350 1899)
l (5 15 17) (1563 2357 1892)
l (6 16 17) (1564 2360 1888)
l (1 23 9) (1563 2369 1885)
l (1 23 9) (1563 2377 1881)
l (1 23 9) (1563 2381 1879)
l (38 34 36) (1548 2368 1866)
l (38 34 36) (1533 2355 1852)
l (38 34 35) (1518 2342 1838)
l (38 34 35) (1503 2328 1824)
l (38 34 35) (1489 2315 1810)
l (38 33 35) (1474 2302 1796)
l (38 33 35) (1459 2289 1782)
l (38 33 35) (1444 2276 1769)
m (15 16 17) (1450 2270 1762)
m (15 16 17) (1456 2263 1756)
m (15 16 16) (1462 2257 1749)
m (15 16 16) (1468 2251 1743)
m (15 16 16) (1474 2244 1737)
m (16 16 16) (1480 2238 1730)
m (16 16 16) (1486 2232 1724)
m (16 16 16) (1493 2226 1718)
m (16 15 16) (1499 2220 1712)
m (16 15 16) (1505 2214 1706)
m (16 15 15) (1512 2208 1699)
m (16 15 15) (1518 2202 1693)
m (16 15 15) (1524 2196 1688)
m (16 15 15) (1531 2190 1682)
m (16 15 15) (1537 2184 1676)
m (17 15 15) (1544 2179 1670)
m (17 15 15) (1550 2173 1664)
m (17 14 15) (1557 2167 1658)
m (17 14 14) (1564 2162 1653)
m (17 14 14) (1570 2156 1647)
m (17 14 14) (1577 2150 1641)
m (17 14 14) (1584 2145 1636)
m (17 14 14) (1591 2140 1630)
m (17 14 14) (1598 2134 1625)
m (18 14 14) (1605 2129 1620)
m (18 13 14) (1612 2124 1614)
m (18 13 14) (1619 2118 1609)
m (18 13 13) (1626 2113 1604)
m (18 13 13) (1633 2108 1598)
m (18 13 13) (1640 2103 1593)
m (18 13 13) (1647 2098 1588)
m (18 13 13) (1654 2093 1583)
m (18 13 13) (1661 2088 1578)
m (18 13 13) (1669 2083 1573)
m (19 12 13) (1676 2078 1568)
m (19 12 12) (1683 2073 1563)
m (19 12 12) (1691 2068 1558)
m (19 12 12) (1698 2063 1554)
m (19 12 12) (1702 2061 1551)
m (36 34 36) (1716 2074 1565)
m (36 34 36) (1730 2087 1579)
m (36 34 36) (1744 2101 1593)
m (36 34 36) (1759 2114 1607)
m (36 34 36) (1773 2127 1622)
m (36 34 36) (1787 2141 1636)
m (36 34 36) (1801 2154 1650)
m (36 34 36) (1815 2168 1664)
m (19 8 14) (1823 2164 1659)
m (19 8 14) (1830 2161 1653)
m (19 8 14) (1838 2158 1648)
m (19 8 14) (1839 2157 1647)
l (18 1 17) (1846 2157 1640)
l (18 1 17) (1853 2157 1633)
l (18 1 17) (1860 2157 1627)
l (19 1 17) (1863 2157 1624)
l (15 8 18) (1869 2160 1617)
l (15 8 18) (1875 2163 1610)
l (16 8 18) (1882 2167 1602)
l (16 8 18) (1885 2168 1599)
l (12 14 18) (1889 2174 1592)
l (12 14 17) (1893 2179 1586)
l (8 18 16) (1897 2185 1580)
l (8 18 16) (1900 2192 1574)
l (36 34 37) (1886 2179 1559)
l (36 34 37) (1872 2165 1545)
l (36 34 37) (1858 2152 1531)
l (36 34 37) (1844 2139 1516)
l (36 34 37) (1830 2125 1502)
l (36 34 37) (1816 2112 1488)
l (36 34 37) (1802 2099 1473)
l (35 34 37) (1788 2086 1459)
m (13 14 18) (1783 2080 1466)
m (13 14 18) (1778 2075 1473)
m (13 14 18) (1773 2070 1480)
m (12 13 18) (1768 2064 1487)
m (12 13 18) (1763 2059 1494)
m (12 13 18) (1758 2054 1502)
m (12 13 18) (1754 2049 1508)
m (36 34 36) (1768 2062 1522)
m (36 34 36) (1782 2075 1537)
m (36 34 36) (1796 2089 1551)
m (36 34 36) (1810 2102 1565)
m (36 34 36) (1824 2115 1579)
m (36 34 36) (1838 2129 1594)
m (36 34 36) (1852 2142 1608)
m (36 34 36) (1866 2156 1622)
m (4 23 9) (1864 2165 1619)
m (4 23 8) (1863 2174 1615)
m (4 23 8) (1862 2176 1614)
l (7 23 6) (1859 2185 1612)
l (7 23 5) (1857 2195 1610)
l (7 23 5) (1856 2197 1609)
l (11 22 1) (1852 2205 1609)
l (11 22 1) (1848 2214 1608)
l (10 22 1) (1843 2223 1608)
l (10 22 1) (1839 2232 1607)
l (10 22 1) (1838 2235 1607)
l (14 20 3) (1832 2243 1609)
l (14 20 3) (1827 2251 1610)
l (14 21 3) (1822 2259 1611)
l (13 21 4) (1816 2267 1613)
l (13 21 4) (1815 2270 1613)
l (15 18 7) (1809 2278 1616)
l (15 19 7) (1803 2285 1619)
l (15 19 7) (1797 2292 1622)
l (15 19 7) (1791 2300 1624)
l (15 19 7) (1789 2302 1625)
l (16 17 9) (1783 2308 1629)
l (16 17 9) (1776 2315 1633)
l (16 17 10) (1770 2322 1637)
l (16 17 10) (1764 2329 1641)
l (16 17 10) (1763 2329 1641)
l (17 15 11) (1757 2335 1645)
l (17 16 11) (1750 2341 1650)
l (16 16 12) (1744 2347 1654)
l (16 16 12) (1741 2351 1657)
l (17 13 14) (1734 2356 1662)
l (17 14 14) (1727 2361 1668)
l (17 14 14) (1721 2367 1673)
l (17 14 14) (1714 2372 1678)
l (17 14 14) (1713 2373 1680)
l (18 7 17) (1706 2376 1687)
l (17 7 18) (1699 2379 1693)
l (17 7 18) (1692 2382 1700)
l (17 7 18) (1685 2385 1708)
l (17 8 18) (1679 2388 1714)
l (17 9 18) (1672 2391 1721)
l (17 9 18) (1666 2395 1728)
l (17 9 18) (1659 2398 1735)
l (16 13 16) (1653 2403 1742)
l (16 13 16) (1646 2409 1748)
l (16 13 17) (1641 2413 1754)
l (14 20 12) (1635 2421 1758)
l (14 20 12) (1630 2428 1763)
l (14 20 12) (1626 2434 1766)
l (12 23 9) (1622 2443 1770)
l (11 23 9) (1617 2452 1773)
l (11 23 9) (1613 2460 1776)
l (12 22 11) (1609 2468 1781)
l (12 22 11) (1604 2477 1785)
l (12 22 11) (1599 2486 1789)
l (12 22 11) (1599 2486 1789)
l (15 17 16) (1593 2493 1796)
l (14 17 16) (1587 2500 1802)
l (14 17 16) (1582 2506 1809)
l (14 17 16) (1579 2510 1812)
l (15 9 20) (1573 2513 1820)
l (15 9 20) (1567 2517 1828)
l (15 9 20) (1563 2519 1832)
l (15 3 22) (1558 2520 1841)
l (15 3 22) (1552 2521 1850)
l (14 3 22) (1548 2522 1856)
l (13 2 22) (1543 2521 1864)
l (13 2 22) (1537 2520 1873)
l (13 2 22) (1532 2519 1881)
l (13 2 22) (1527 2518 1890)
l (13 2 22) (1522 2517 1898)
l (13 2 22) (1522 2517 1899)
l (9 13 18) (1520 2514 1904)
l (1 25 5) (1520 2510 1905)
l (7 26 4) (1521 2503 1904)
l (38 34 36) (1506 2490 1889)
l (38 34 36) (1491 2477 1875)
l (38 34 36) (1476 2464 1861)
l (38 34 36) (1461 2450 1848)
l (38 33 35) (1446 2437 1834)
l (38 33 35) (1431 2424 1820)
l (38 33 35) (1416 2411 1806)
l (38 33 35) (1401 2398 1792)
m (14 15 19) (1407 2392 1784)
m (14 15 19) (1413 2387 1777)
m (15 15 19) (1418 2381 1769)
m (15 15 19) (1421 2379 1766)
m (38 33 35) (1436 2392 1780)
m (38 33 35) (1451 2404 1794)
m (38 33 35) (1466 2418 1808)
m (38 33 35) (1480 2431 1822)
m (38 33 36) (1495 2444 1836)
m (38 34 36) (1510 2457 1850)
m (38 34 36) (1525 2470 1864)
m (38 34 36) (1540 2484 1878)
m (14 1 22) (1535 2484 1887)
m (14 1 22) (1533 2484 1890)
l (13 19 17) (1528 2492 1896)
l (13 19 17) (1525 2495 1899)
l (10 25 9) (1521 2505 1903)
l (10 25 9) (1519 2511 1905)
l (3 26 3) (1518 2522 1904)
l (2 26 2) (1517 2529 1904)
l (7 17 16) (1520 2536 1898)
l (7 17 16) (1522 2543 1891)
l (7 17 15) (1523 2544 1890)
l (38 34 36) (1508 2531 1876)
l (38 34 36) (1493 2518 1862)
l (38 34 36) (1478 2505 1848)
l (38 34 36) (1463 2491 1834)
l (38 33 36) (1448 2478 1820)
l (38 33 36) (1433 2465 1806)
l (38 33 35) (1418 2452 1792)
l (38 33 35) (1403 2439 1778)
m (15 11 21) (1409 2435 1770)
m (15 11 21) (1415 2431 1761)
m (15 11 21) (1420 2427 1753)
m (15 10 21) (1426 2423 1745)
m (15 10 21) (1432 2419 1737)
m (15 10 21) (1438 2415 1728)
m (15 10 21) (1444 2411 1720)
m (15 10 21) (1450 2407 1712)
m (16 10 20) (1457 2403 1704)
m (16 10 20) (1463 2399 1696)
m (16 9 20) (1469 2396 1688)
m (16 9 20) (1475 2392 1681)
m (16 9 20) (1482 2388 1673)
m (16 9 20) (1488 2385 1665)
m (16 9 20) (1494 2381 1657)
m (16 9 20) (1501 2378 1650)
m (16 9 19) (1507 2374 1642)
m (17 9 19) (1514 2371 1634)
m (17 8 19) (1520 2367 1627)
m (17 8 19) (1527 2364 1619)
m (17 8 19) (1534 2361 1612)
m (17 8 19) (1540 2358 1604)
m (17 8 19) (1547 2355 1597)
m (17 8 19) (1554 2351 1590)
m (17 8 19) (1561 2348 1582)
m (17 8 18) (1568 2345 1575)
m (18 7 18) (1575 2343 1568)
m (18 7 18) (1582 2340 1561)
m (18 7 18) (1589 2337 1554)
m (18 7 18) (1596 2334 1547)
m (18 7 18) (1603 2331 1540)
m (18 7 18) (1610 2329 1533)
m (18 7 18) (1617 2326 1526)
m (18 7 18) (1624 2323 1519)
m (18 6 17) (1631 2321 1512)
m (18 6 17) (1639 2318 1505)
m (19 6 17) (1646 2316 1498)
m (19 6 17) (1653 2313 1492)
m (19 6 17) (1661 2311 1485)
m (19 6 17) (1668 2309 1478)
m (19 6 17) (1676 2306 1472)
m (19 6 17) (1683 2304 1465)
m (19 5 17) (1691 2302 1459)
m (19 5 16) (1698 2300 1452)
m (19 5 16) (1706 2298 1446)
m (19 5 16) (1714 2296 1440)
m (20 5 16) (1722 2294 1433)
m (20 5 16) (1729 2292 1427)
m (20 5 16) (1737 2290 1421)
m (20 5 16) (1745 2288 1415)
m (20 4 16) (1753 2286 1409)
m (20 4 15) (1761 2285 1402)
m (20 4 15) (1769 2283 1396)
m (20 4 15) (1777 2281 1390)
m (20 4 15) (1785 2280 1384)
m (20 4 15) (1793 2278 1379)
m (21 4 15) (1801 2277 1373)
m (21 4 15) (1809 2275 1367)
m (21 3 15) (1817 2274 1361)
m (21 3 15) (1826 2273 1355)
m (21 3 14) (1834 2271 1350)
m (21 3 14) (1842 2270 1344)
m (21 3 14) (1850 2269 1339)
m (21 3 14) (1859 2268 1333)
m (21 3 14) (1867 2267 1328)
m (35 33 38) (1881 2280 1342)
m (35 33 38) (1895 2293 1357)
m (35 33 38) (1909 2306 1372)
m (35 33 38) (1923 2319 1387)
m (36 33 38) (1937 2332 1401)
m (36 34 38) (1951 2345 1416)
m (36 34 38) (1965 2358 1431)
m (36 34 38) (1979 2372 1446)
m (20 9 11) (1971 2376 1450)
m (20 10 11) (1970 2376 1450)
l (7 23 12) (1973 2385 1446)
l (7 23 11) (1976 2394 1441)
l (8 23 11) (1979 2403 1437)
l (8 23 11) (1981 2409 1434)
l (11 22 13) (1986 2418 1429)
l (11 22 12) (1990 2426 1424)
l (11 22 12) (1994 2435 1419)
l (11 22 12) (1999 2444 1414)
l (11 22 12) (2003 2452 1409)
l (11 22 12) (2005 2456 1408)
l (13 21 13) (2010 2464 1403)
l (13 21 13) (2015 2473 1398)
l (13 22 12) (2020 2481 1393)
l (13 22 12) (2021 2483 1392)
l (10 24 11) (2025 2493 1387)
l (10 24 11) (2029 2502 1383)
l (10 24 11) (2033 2511 1379)
l (11 24 10) (2037 2519 1376)
l (7 26 9) (2040 2529 1372)
l (7 26 8) (2043 2539 1369)
l (8 26 8) (2046 2550 1366)
l (8 26 8) (2048 2555 1364)
l (1 27 4) (2048 2566 1362)
l (1 27 4) (2048 2576 1361)
l (1 27 4) (2048 2583 1360)
l (12 21 5) (2044 2591 1362)
l (19 12 10) (2037 2596 1366)
l (22 2 13) (2028 2597 1371)
l (22 2 13) (2020 2598 1376)
l (22 3 13) (2019 2598 1377)
l (22 2 14) (2010 2597 1382)
l (22 1 14) (2002 2596 1388)
l (21 6 13) (1994 2599 1393)
l (21 6 13) (1993 2599 1394)
l (5 27 6) (1995 2608 1392)
l (14 23 11) (2000 2617 1387)
l (14 23 11) (2002 2620 1386)
l (11 25 9) (2006 2630 1382)
l (11 26 9) (2008 2634 1381)
l (3 27 1) (2006 2644 1381)
l (3 27 1) (2006 2648 1381)
l (18 12 11) (1999 2653 1386)
l (18 12 11) (1993 2657 1389)
l (22 1 14) (1984 2657 1395)
l (21 1 15) (1976 2657 1401)
l (21 1 15) (1970 2657 1405)
l (22 4 15) (1962 2656 1411)
l (21 4 15) (1953 2654 1417)
l (21 4 15) (1945 2653 1423)
l (21 4 16) (1941 2652 1426)
l (21 6 16) (1933 2649 1432)
l (21 6 16) (1925 2647 1438)
l (21 6 16) (1917 2645 1445)
l (21 6 16) (1908 2642 1451)
l (20 6 16) (1908 2642 1451)
l (20 8 16) (1900 2639 1457)
l (20 8 16) (1892 2636 1464)
l (20 8 16) (1884 2633 1470)
l (20 8 16) (1877 2630 1477)
l (20 8 16) (1869 2627 1483)
l (20 7 16) (1861 2624 1490)
l (19 7 17) (1854 2621 1496)
l (19 7 17) (1846 2618 1503)
l (19 7 17) (1841 2616 1507)
l (19 10 17) (1834 2612 1514)
l (18 9 17) (1827 2609 1520)
l (18 9 17) (1820 2605 1527)
l (18 9 17) (1813 2602 1533)
l (18 9 17) (1805 2598 1540)
l (18 9 17) (1798 2594 1547)
l (18 9 17) (1791 2591 1554)
l (18 9 17) (1790 2590 1556)
l (17 12 17) (1783 2585 1562)
l (16 12 17) (1777 2581 1569)
l (16 12 17) (1770 2576 1575)
l (16 11 17) (1764 2572 1582)
l (16 11 17) (1757 2567 1589)
l (16 11 17) (1751 2563 1596)
l (16 11 17) (1747 2560 1601)
l (15 12 17) (1741 2555 1607)
l (15 12 17) (1735 2550 1614)
l (15 12 17) (1729 2545 1621)
l (15 12 17) (1723 2541 1628)
l (15 12 17) (1717 2536 1635)
l (15 12 18) (1711 2531 1642)
l (14 12 18) (1706 2527 1649)
l (14 12 18) (1704 2525 1651)
l (14 13 17) (1699 2520 1658)
l (13 13 17) (1693 2515 1664)
l (13 13 17) (1688 2510 1671)
l (13 13 18) (1683 2505 1678)
l (13 12 18) (1678 2500 1685)
l (13 12 18) (1673 2496 1692)
l (13 12 18) (1668 2491 1699)
l (13 12 18) (1663 2486 1706)
l (13 12 18) (1661 2485 1708)
l (16 13 16) (1668 2480 1702)
l (16 13 16) (1671 2477 1698)
l (37 34 37) (1657 2463 1684)
l (37 34 37) (1642 2450 1669)
l (37 34 36) (1627 2437 1655)
l (37 33 36) (1613 2424 1641)
l (37 33 36) (1598 2411 1626)
l (37 33 36) (1584 2398 1612)
l (37 33 36) (1569 2385 1598)
l (37 33 36) (1554 2372 1584)
m (17 1 20) (1561 2372 1576)
m (17 1 20) (1568 2372 1568)
m (17 1 20) (1574 2372 1560)
m (17 1 20) (1581 2372 1553)
m (17 1 20) (1588 2372 1545)
m (17 1 19) (1595 2372 1537)
m (18 1 19) (1602 2372 1530)
m (18 1 19) (1609 2372 1522)
m (18 1 19) (1616 2373 1515)
m (18 1 19) (1623 2373 1507)
m (18 1 19) (1630 2373 1500)
m (18 1 19) (1637 2374 1493)
m (18 1 19) (1644 2374 1485)
m (18 1 19) (1652 2374 1478)
m (18 1 18) (1659 2375 1471)
m (19 1 18) (1666 2376 1464)
m (19 1 18) (1674 2376 1456)
m (19 2 18) (1681 2377 1449)
m (19 2 18) (1689 2378 1442)
m (19 2 18) (1696 2378 1435)
m (19 2 18) (1704 2379 1428)
m (19 2 18) (1711 2380 1421)
m (19 2 18) (1719 2381 1414)
m (19 2 17) (1727 2382 1407)
m (20 2 17) (1734 2383 1401)
m (20 3 17) (1742 2384 1394)
m (20 3 17) (1750 2385 1387)
m (20 3 17) (1758 2386 1380)
m (20 3 17) (1765 2387 1374)
m (20 3 17) (1773 2389 1367)
m (20 3 17) (1781 2390 1361)
m (20 3 17) (1789 2391 1354)
m (20 3 16) (1797 2393 1348)
m (21 4 16) (1806 2394 1341)
m (21 4 16) (1814 2396 1335)
m (21 4 16) (1822 2397 1328)
m (21 4 16) (1830 2399 1322)
m (21 4 16) (1838 2401 1316)
m (21 4 16) (1847 2402 1310)
m (21 4 16) (1855 2404 1303)
m (21 4 16) (1863 2406 1297)
m (21 5 15) (1872 2408 1291)
m (21 5 15) (1880 2410 1285)
m (22 5 15) (1889 2412 1279)
m (22 5 15) (1897 2414 1273)
m (22 5 15) (1906 2416 1267)
m (22 5 15) (1915 2418 1262)
m (22 5 15) (1923 2420 1256)
m (22 5 15) (1927 2421 1253)
m (35 33 38) (1941 2434 1268)
m (35 33 38) (1955 2447 1283)
m (35 33 38) (1969 2460 1298)
m (36 33 38) (1983 2473 1313)
m (36 33 38) (1997 2486 1328)
m (36 34 38) (2011 2500 1343)
m (36 34 38) (2025 2513 1358)
m (36 34 38) (2039 2526 1373)
m (10 25 10) (2035 2516 1377)
m (9 25 10) (2035 2514 1378)
l (20 10 10) (2027 2518 1382)
l (20 10 11) (2019 2522 1386)
l (19 10 11) (2012 2527 1390)
l (19 10 11) (2004 2531 1395)
l (19 10 11) (1996 2535 1399)
l (19 11 11) (1989 2539 1403)
l (17 15 9) (1983 2545 1407)
l (17 15 9) (1976 2551 1411)
l (17 15 9) (1969 2557 1414)
l (17 15 10) (1963 2563 1418)
l (17 15 10) (1960 2565 1420)
l (12 21 6) (1955 2574 1422)
l (12 21 6) (1950 2582 1425)
l (12 21 6) (1945 2590 1427)
l (12 21 6) (1941 2598 1430)
l (12 21 7) (1940 2599 1430)
l (8 25 3) (1937 2609 1432)
l (8 25 3) (1934 2619 1433)
l (8 25 4) (1931 2628 1435)
l (7 25 4) (1928 2638 1436)
l (7 25 4) (1925 2647 1438)
l (21 6 16) (1934 2650 1432)
l (21 6 16) (1934 2650 1431)
l (37 34 38) (1920 2637 1416)
l (37 34 38) (1906 2623 1401)
l (37 34 38) (1891 2610 1386)
l (36 34 38) (1877 2597 1371)
l (36 33 38) (1863 2584 1356)
l (36 33 38) (1849 2571 1341)
l (36 33 38) (1834 2558 1326)
l (36 33 38) (1820 2545 1311)
m (2 27 1) (1821 2535 1311)
m (2 27 1) (1822 2524 1311)
m (2 27 1) (1823 2514 1312)
m (3 27 1) (1824 2503 1312)
m (3 27 1) (1825 2493 1312)
m (3 27 1) (1827 2482 1312)
m (3 27 1) (1828 2472 1313)
m (3 26 1) (1829 2461 1313)
m (3 26 1) (1830 2451 1313)
m (3 26 1) (1832 2441 1314)
m (3 26 1) (1833 2430 1314)
m (4 26 1) (1835 2420 1315)
m (4 26 1) (1836 2410 1316)
m (4 26 2) (1838 2400 1316)
m (4 26 2) (1839 2390 1317)
m (4 26 2) (1841 2380 1318)
m (4 26 2) (1843 2370 1319)
m (4 26 2) (1845 2360 1320)
m (4 25 2) (1846 2350 1320)
m (5 25 2) (1848 2340 1321)
m (5 25 2) (1850 2330 1322)
m (5 25 3) (1852 2320 1324)
m (5 25 3) (1854 2310 1325)
m (5 25 3) (1856 2300 1326)
m (5 25 3) (1858 2291 1327)
m (5 25 3) (1860 2281 1328)
m (5 25 3) (1862 2271 1330)
m (5 25 3) (1865 2261 1331)
m (6 25 3) (1867 2252 1332)
m (6 24 3) (1869 2242 1334)
m (6 24 4) (1872 2233 1335)
m (6 24 4) (1874 2223 1337)
m (6 24 4) (1876 2214 1338)
m (6 24 4) (1879 2204 1340)
m (6 24 4) (1881 2195 1342)
m (6 24 4) (1884 2185 1343)
m (7 24 4) (1887 2176 1345)
m (7 24 4) (1889 2167 1347)
m (7 24 5) (1892 2157 1349)
m (7 24 5) (1895 2148 1351)
m (7 23 5) (1898 2139 1353)
m (7 23 5) (1900 2130 1355)
m (7 23 5) (1903 2121 1357)
m (7 23 5) (1906 2112 1359)
m (7 23 5) (1909 2102 1361)
m (8 23 5) (1912 2093 1363)
m (8 23 6) (1915 2084 1366)
m (8 23 6) (1919 2075 1368)
m (8 23 6) (1922 2067 1370)
m (8 23 6) (1925 2058 1373)
m (8 23 6) (1928 2049 1375)
m (8 23 6) (1931 2040 1378)
m (8 22 6) (1935 2031 1380)
m (8 22 6) (1938 2022 1383)
m (9 22 7) (1942 2014 1385)
m (9 22 7) (1945 2005 1388)
m (9 22 7) (1949 1996 1391)
m (9 22 7) (1952 1988 1393)
m (9 22 7) (1956 1979 1396)
m (9 22 7) (1960 1970 1399)
m (9 22 7) (1963 1962 1402)
m (9 22 7) (1967 1953 1405)
m (10 22 7) (1971 1945 1408)
m (10 21 8) (1975 1936 1411)
m (10 21 8) (1979 1928 1414)
m (10 21 8) (1982 1920 1417)
m (10 21 8) (1986 1911 1420)
m (10 21 8) (1990 1903 1424)
m (10 21 8) (1994 1895 1427)
m (10 21 8) (1999 1887 1430)
m (10 21 8) (2003 1878 1434)
m (11 21 9) (2007 1870 1437)
m (11 21 9) (2011 1862 1441)
m (11 21 9) (2015 1854 1444)
m (11 20 9) (2020 1846 1448)
m (11 20 9) (2024 1838 1451)
m (11 20 9) (2029 1830 1455)
m (11 20 9) (2033 1822 1459)
m (11 20 9) (2037 1814 1462)
m (11 20 10) (2042 1806 1466)
m (12 20 10) (2047 1799 1470)
m (12 20 10) (2051 1791 1474)
m (12 20 10) (2056 1783 1478)
m (12 20 10) (2061 1775 1482)
m (12 20 10) (2065 1768 1486)
m (12 19 10) (2070 1760 1490)
m (12 19 10) (2075 1752 1494)
m (12 19 10) (2080 1745 1498)
m (12 19 11) (2085 1737 1503)
m (13 19 11) (2090 1730 1507)
m (13 19 11) (2095 1722 1511)
m (13 19 11) (2100 1715 1516)
m (13 19 11) (2105 1708 1520)
m (13 19 11) (2110 1700 1524)
m (13 19 11) (2115 1693 1529)
m (13 18 11) (2121 1686 1533)
m (13 18 12) (2126 1678 1538)
m (13 18 12) (2131 1671 1543)
m (14 18 12) (2137 1664 1547)
m (14 18 12) (2142 1657 1552)
m (14 18 12) (2147 1650 1557)
m (14 18 12) (2153 1643 1562)
m (14 18 12) (2159 1636 1567)
m (14 18 12) (2164 1629 1572)
m (14 18 13) (2170 1622 1576)
m (14 17 13) (2175 1615 1582)
m (14 17 13) (2181 1608 1587)
m (15 17 13) (2187 1602 1592)
m (15 17 13) (2193 1595 1597)
m (15 17 13) (2199 1588 1602)
m (15 17 13) (2205 1581 1607)
m (15 17 13) (2210 1575 1613)
m (15 17 13) (2216 1568 1618)
m (15 17 14) (2222 1562 1623)
m (15 17 14) (2229 1555 1629)
m (15 16 14) (2235 1549 1634)
m (16 16 14) (2241 1542 1640)
m (16 16 14) (2247 1536 1645)
m (16 16 14) (2253 1530 1651)
m (16 16 14) (2260 1523 1657)
m (16 16 14) (2266 1517 1663)
m (16 16 15) (2272 1511 1668)
m (16 16 15) (2279 1505 1674)
m (16 16 15) (2285 1499 1680)
m (17 16 15) (2292 1492 1686)
m (17 15 15) (2298 1486 1692)
m (17 15 15) (2305 1480 1698)
m (17 15 15) (2312 1474 1704)
m (17 15 15) (2318 1468 1710)
m (17 15 16) (2325 1463 1716)
m (17 15 16) (2332 1457 1723)
m (17 15 16) (2339 1451 1729)
m (17 15 16) (2346 1445 1735)
m (18 15 16) (2348 1444 1737)
m (33 38 35) (2361 1458 1751)
m (33 38 35) (2374 1473 1765)
m (33 38 35) (2387 1488 1779)
m (33 38 36) (2400 1503 1793)
m (33 38 36) (2413 1518 1807)
m (34 38 36) (2426 1533 1821)
m (34 38 36) (2439 1548 1835)
m (34 38 36) (2453 1563 1849)
m (17 7 16) (2459 1565 1842)
m (17 7 16) (2466 1568 1836)
m (17 7 16) (2472 1570 1831)
l (20 5 13) (2480 1572 1825)
l (20 5 13) (2488 1574 1820)
l (20 5 13) (2496 1576 1815)
l (20 5 13) (2504 1579 1810)
l (20 5 13) (2507 1579 1808)
l (25 1 6) (2517 1580 1806)
l (25 1 6) (2524 1580 1804)
l (26 7 4) (2534 1577 1805)
l (26 6 4) (2542 1575 1806)
l (19 13 15) (2549 1570 1812)
l (20 13 15) (2557 1565 1818)
l (20 13 16) (2559 1564 1820)
l (9 15 21) (2563 1558 1828)
l (9 15 21) (2566 1552 1836)
l (9 15 21) (2569 1548 1842)
l (1 14 22) (2568 1542 1851)
l (1 14 22) (2568 1536 1859)
l (1 14 22) (2568 1531 1867)
l (11 11 19) (2564 1527 1875)
l (10 11 19) (2560 1523 1883)
l (10 11 19) (2556 1519 1890)
l (18 6 15) (2549 1516 1896)
l (18 6 15) (2542 1514 1901)
l (18 6 15) (2537 1512 1905)
l (23 2 9) (2528 1512 1909)
l (23 2 9) (2519 1511 1913)
l (23 2 9) (2519 1511 1913)
l (26 7 4) (2509 1514 1911)
l (26 7 4) (2503 1515 1910)
l (17 14 19) (2496 1521 1903)
l (17 14 18) (2489 1526 1896)
l (16 14 18) (2489 1526 1895)
l (4 14 22) (2487 1532 1887)
l (4 14 22) (2487 1534 1884)
l (7 11 21) (2490 1538 1876)
l (7 12 21) (2491 1540 1872)
l (16 7 17) (2497 1543 1866)
l (16 8 17) (2503 1546 1859)
l (16 8 17) (2509 1549 1853)
l (16 8 16) (2511 1550 1851)
l (22 3 11) (2520 1552 1846)
l (22 3 11) (2529 1553 1842)
l (22 3 10) (2538 1554 1838)
l (22 4 10) (2541 1555 1837)
l (26 1 4) (2551 1554 1835)
l (26 1 4) (2556 1554 1834)
l (27 6 4) (2566 1552 1836)
l (27 6 4) (2568 1551 1836)
l (21 12 15) (2577 1546 1842)
l (21 12 15) (2579 1545 1844)
l (15 14 19) (2585 1540 1851)
l (15 14 19) (2589 1536 1857)
l (9 15 21) (2593 1530 1865)
l (9 15 21) (2596 1525 1873)
l (3 14 22) (2598 1519 1882)
l (3 14 22) (2599 1513 1891)
l (3 14 22) (2599 1513 1891)
l (2 13 22) (2598 1508 1900)
l (2 13 22) (2598 1503 1908)
l (1 13 22) (2597 1500 1914)
l (6 12 21) (2595 1495 1923)
l (6 12 21) (2593 1490 1931)
l (6 11 21) (2591 1486 1939)
l (13 9 18) (2586 1483 1946)
l (13 9 19) (2583 1481 1950)
l (20 5 13) (2575 1479 1956)
l (19 5 13) (2572 1478 1957)
l (26 2 2) (2562 1479 1958)
l (26 2 2) (2560 1479 1958)
l (25 10 12) (2551 1483 1954)
l (25 10 11) (2547 1484 1952)
l (16 13 20) (2541 1490 1944)
l (16 13 20) (2538 1492 1941)
l (1 13 23) (2538 1497 1932)
l (1 13 23) (2538 1499 1928)
l (10 10 20) (2542 1503 1920)
l (10 10 20) (2544 1505 1916)
l (18 6 15) (2551 1507 1910)
l (18 6 15) (2556 1509 1907)
l (24 1 7) (2565 1509 1904)
l (24 1 7) (2575 1510 1901)
l (24 1 7) (2577 1510 1900)
l (27 5 3) (2588 1508 1901)
l (27 5 3) (2595 1507 1902)
l (19 13 18) (2603 1502 1910)
l (19 13 18) (2607 1499 1913)
l (5 14 23) (2609 1494 1922)
l (5 14 23) (2611 1488 1931)
l (5 14 23) (2611 1488 1932)
l (2 12 22) (2610 1483 1941)
l (2 12 22) (2610 1478 1950)
l (2 12 22) (2609 1475 1955)
l (6 11 21) (2607 1471 1964)
l (6 11 21) (2604 1466 1972)
l (6 11 22) (2602 1463 1980)
l (35 39 36) (2588 1447 1966)
l (34 39 36) (2575 1432 1952)
l (34 39 36) (2562 1417 1938)
l (34 39 36) (2548 1402 1924)
l (34 39 36) (2535 1387 1910)
l (33 39 35) (2522 1371 1896)
l (33 39 35) (2509 1356 1882)
l (33 39 35) (2496 1341 1869)
l (26 9 12) (2486 1345 1864)
l (25 10 12) (2476 1349 1859)
l (25 10 12) (2466 1352 1855)
l (25 10 12) (2456 1356 1850)
l (25 10 12) (2447 1360 1845)
l (25 10 11) (2437 1364 1841)
l (25 10 11) (2427 1368 1837)
l (25 10 11) (2417 1372 1832)
l (25 10 11) (2408 1376 1828)
l (24 10 11) (2398 1381 1824)
l (24 11 11) (2389 1385 1819)
l (24 11 11) (2379 1389 1815)
l (24 11 10) (2370 1393 1811)
l (24 11 10) (2360 1398 1807)
l (24 11 10) (2351 1402 1803)
l (24 11 10) (2342 1407 1799)
l (24 11 10) (2332 1411 1795)
l (24 11 10) (2323 1416 1791)
l (23 12 10) (2314 1420 1787)
l (23 12 10) (2305 1425 1784)
l (23 12 9) (2295 1430 1780)
l (23 12 9) (2286 1434 1776)
l (23 12 9) (2277 1439 1773)
l (23 12 9) (2268 1444 1769)
l (23 12 9) (2259 1449 1766)
l (23 12 9) (2250 1454 1762)
l (23 12 9) (2242 1459 1759)
l (23 13 8) (2233 1464 1756)
l (22 13 8) (2224 1469 1752)
l (22 13 8) (2215 1474 1749)
l (22 13 8) (2206 1479 1746)
l (22 13 8) (2198 1484 1743)
l (22 13 8) (2189 1489 1740)
l (22 13 8) (2181 1494 1737)
l (22 13 8) (2172 1500 1734)
l (22 13 7) (2163 1505 1731)
l (22 14 7) (2155 1510 1728)
l (22 14 7) (2147 1516 1725)
l (21 14 7) (2138 1521 1722)
l (21 14 7) (2130 1527 1719)
l (21 14 7) (2121 1532 1717)
l (21 14 7) (2113 1538 1714)
l (21 14 7) (2105 1543 1712)
l (21 14 6) (2097 1549 1709)
l (21 14 6) (2088 1555 1706)
l (21 15 6) (2080 1561 1704)
l (21 15 6) (2072 1566 1702)
l (21 15 6) (2064 1572 1699)
l (20 15 6) (2056 1578 1697)
l (20 15 6) (2048 1584 1695)
l (20 15 6) (2040 1590 1693)
l (20 15 5) (2032 1596 1690)
l (20 15 5) (2025 1602 1688)
l (20 15 5) (2017 1608 1686)
l (20 15 5) (2009 1614 1684)
l (20 16 5) (2001 1620 1682)
l (20 16 5) (1993 1627 1680)
l (20 16 5) (1986 1633 1679)
l (19 16 5) (1978 1639 1677)
l (19 16 4) (1971 1645 1675)
l (19 16 4) (1963 1652 1673)
l (19 16 4) (1956 1658 1672)
l (19 16 4) (1948 1665 1670)
l (19 16 4) (1941 1671 1669)
l (19 17 4) (1933 1678 1667)
l (19 17 4) (1926 1684 1666)
l (19 17 4) (1919 1691 1664)
l (19 17 3) (1911 1698 1663)
l (18 17 3) (1904 1704 1661)
l (18 17 3) (1897 1711 1660)
l (18 17 3) (1890 1718 1659)
l (18 17 3) (1883 1725 1658)
l (18 17 3) (1876 1731 1657)
l (18 17 3) (1869 1738 1656)
l (18 18 3) (1862 1745 1655)
l (18 18 2) (1855 1752 1654)
l (18 18 2) (1848 1759 1653)
l (18 18 2) (1841 1766 1652)
l (17 18 2) (1834 1773 1651)
l (17 18 2) (1827 1780 1650)
l (17 18 2) (1820 1788 1649)
l (17 18 2) (1814 1795 1649)
l (17 18 2) (1807 1802 1648)
l (17 18 1) (1806 1803 1648)
