(1421 2117 1262)
(1420 2118 1262)
(1419 2119 1262)
(1419 2119 1262)
(1418 2120 1262)
(1417 2121 1262)
(1416 2122 1262)
(1416 2122 1262)
(1415 2123 1262)
(1414 2124 1262)
(1413 2125 1262)
(1413 2125 1262)
(1412 2126 1262)
(1411 2127 1262)
(1410 2128 1262)
(1410 2129 1262)
(1409 2129 1262)
(1408 2130 1262)
(1407 2131 1262)
(1407 2132 1262)
(1406 2132 1262)
(1405 2133 1262)
(1404 2134 1262)
(1403 2135 1262)
(1403 2136 1262)
(1402 2136 1262)
(1401 2137 1262)
(1400 2138 1262)
(1400 2139 1262)
(1399 2139 1262)
(1398 2140 1262)
(1397 2141 1262)
(1397 2142 1262)
(1396 2143 1262)
(1395 2143 1262)
(1394 2144 1262)
(1394 2145 1262)
(1393 2146 1262)
(1392 2146 1262)
(1391 2147 1262)
(1391 2148 1262)
(1390 2149 1262)
(1389 2150 1262)
(1388 2150 1262)
(1388 2151 1263)
(1387 2152 1263)
(1386 2153 1263)
(1385 2154 1263)
(1385 2154 1263)
(1384 2155 1263)
(1383 2156 1263)
(1382 2157 1263)
(1382 2157 1263)
(1381 2158 1263)
(1380 2159 1263)
(1379 2160 1263)
(1379 2161 1263)
(1378 2161 1263)
(1377 2162 1263)
(1376 2163 1263)
(1376 2164 1263)
(1375 2165 1263)
(1374 2165 1263)
(1373 2166 1263)
(1373 2167 1263)
(1372 2168 1263)
(1371 2169 1263)
(1371 2169 1263)
(1370 2170 1263)
(1369 2171 1263)
(1368 2172 1263)
(1368 2172 1263)
(1367 2173 1263)
(1366 2174 1263)
(1365 2175 1263)
(1365 2176 1263)
(1364 2176 1263)
(1363 2177 1264)
(1362 2178 1264)
(1362 2179 1264)
(1361 2180 1264)
(1360 2180 1264)
(1359 2181 1264)
(1359 2182 1264)
(1358 2183 1264)
(1357 2184 1264)
(1357 2184 1264)
(1356 2185 1264)
(1355 2186 1264)
(1354 2187 1264)
(1354 2188 1264)
(1353 2188 1264)
(1352 2189 1264)
(1351 2190 1264)
(1351 2191 1264)
(1350 2192 1264)
(1349 2192 1264)
(1348 2193 1264)
(1348 2194 1264)
(1347 2195 1264)
(1346 2196 1265)
(1346 2197 1265)
(1345 2197 1265)
(1344 2198 1265)
(1343 2199 1265)
(1343 2200 1265)
(1342 2201 1265)
(1341 2201 1265)
(1340 2202 1265)
(1340 2203 1265)
(1339 2204 1265)
(1338 2205 1265)
(1338 2205 1265)
(1337 2206 1265)
(1336 2207 1265)
(1335 2208 1265)
(1335 2209 1265)
(1334 2209 1265)
(1333 2210 1266)
(1333 2211 1266)
(1332 2212 1266)
(1331 2213 1266)
(1330 2214 1266)
(1330 2214 1266)
(1329 2215 1266)
(1328 2216 1266)
(1328 2217 1266)
(1327 2218 1266)
(1326 2218 1266)
(1325 2219 1266)
(1325 2220 1266)
(1324 2221 1266)
(1323 2222 1266)
(1323 2223 1266)
(1322 2223 1267)
(1321 2224 1267)
(1320 2225 1267)
(1320 2226 1267)
(1319 2227 1267)
(1318 2227 1267)
(1318 2228 1267)
(1317 2229 1267)
(1316 2230 1267)
(1315 2231 1267)
(1315 2232 1267)
(1314 2232 1267)
(1313 2233 1267)
(1313 2234 1267)
(1312 2235 1268)
(1311 2236 1268)
(1310 2236 1268)
(1310 2237 1268)
(1309 2238 1268)
(1308 2239 1268)
(1308 2240 1268)
(1307 2241 1268)
(1306 2241 1268)
(1306 2242 1268)
(1305 2243 1268)
(1304 2244 1268)
(1303 2245 1268)
(1303 2246 1269)
(1302 2246 1269)
(1301 2247 1269)
(1301 2248 1269)
(1300 2249 1269)
(1299 2250 1269)
(1299 2251 1269)
(1298 2251 1269)
(1297 2252 1269)
(1296 2253 1269)
(1296 2254 1269)
(1295 2255 1269)
(1294 2256 1270)
(1294 2256 1270)
(1293 2257 1270)
(1292 2258 1270)
(1292 2259 1270)
(1291 2260 1270)
(1290 2261 1270)
(1289 2261 1270)
(1289 2262 1270)
(1288 2263 1270)
(1287 2264 1270)
(1287 2265 1271)
(1286 2266 1271)
(1285 2266 1271)
(1285 2267 1271)
(1284 2268 1271)
(1283 2269 1271)
(1283 2270 1271)
(1282 2271 1271)
(1281 2271 1271)
(1280 2272 1271)
(1280 2273 1271)
(1279 2274 1272)
(1278 2275 1272)
(1278 2276 1272)
(1277 2276 1272)
(1276 2277 1272)
(1276 2278 1272)
(1275 2279 1272)
(1274 2280 1272)
(1274 2281 1272)
(1273 2282 1272)
(1272 2282 1273)
(1272 2283 1273)
(1271 2284 1273)
(1270 2285 1273)
(1270 2286 1273)
(1269 2287 1273)
(1268 2287 1273)
(1268 2288 1273)
(1267 2289 1273)
(1266 2290 1274)
(1265 2291 1274)
(1265 2292 1274)
(1264 2293 1274)
(1263 2293 1274)
(1263 2294 1274)
(1262 2295 1274)
(1261 2296 1274)
(1261 2297 1274)
(1260 2298 1275)
(1259 2298 1275)
(1259 2299 1275)
(1258 2300 1275)
(1257 2301 1275)
(1257 2302 1275)
(1256 2303 1275)
(1255 2304 1275)
(1255 2304 1275)
(1254 2305 1276)
(1253 2306 1276)
(1253 2307 1276)
(1252 2308 1276)
(1251 2309 1276)
(1251 2310 1276)
(1250 2310 1276)
(1249 2311 1276)
(1249 2312 1277)
(1248 2313 1277)
(1247 2314 1277)
(1247 2315 1277)
(1246 2316 1277)
(1245 2316 1277)
(1245 2317 1277)
(1244 2318 1277)
(1243 2319 1278)
(1243 2320 1278)
(1242 2321 1278)
(1241 2322 1278)
(1241 2322 1278)
(1240 2323 1278)
(1239 2324 1278)
(1239 2325 1278)
(1238 2326 1279)
(1237 2327 1279)
(1237 2328 1279)
(1236 2328 1279)
(1235 2329 1279)
(1235 2330 1279)
(1234 2331 1279)
(1233 2332 1279)
(1233 2333 1280)
(1232 2334 1280)
(1231 2335 1280)
(1231 2335 1280)
(1230 2336 1280)
(1229 2337 1280)
(1229 2338 1280)
(1228 2339 1281)
(1228 2340 1281)
(1227 2341 1281)
(1226 2341 1281)
(1226 2342 1281)
(1225 2343 1281)
(1224 2344 1281)
(1224 2345 1281)
(1223 2346 1282)
(1222 2347 1282)
(1222 2348 1282)
(1221 2348 1282)
(1220 2349 1282)
(1220 2350 1282)
(1219 2351 1282)
(1218 2352 1283)
(1218 2353 1283)
(1217 2354 1283)
(1216 2355 1283)
(1216 2355 1283)
(1215 2356 1283)
(1215 2357 1283)
(1214 2358 1284)
(1213 2359 1284)
(1213 2360 1284)
(1212 2361 1284)
(1211 2362 1284)
(1211 2362 1284)
(1210 2363 1285)
(1209 2364 1285)
(1209 2365 1285)
(1208 2366 1285)
(1208 2367 1285)
(1207 2368 1285)
(1206 2369 1285)
(1206 2369 1286)
(1205 2370 1286)
(1204 2371 1286)
(1204 2372 1286)
(1203 2373 1286)
(1202 2374 1286)
(1202 2375 1287)
(1201 2376 1287)
(1200 2376 1287)
(1200 2377 1287)
(1199 2378 1287)
(1199 2379 1287)
(1198 2380 1287)
(1197 2381 1288)
(1197 2382 1288)
(1196 2383 1288)
(1195 2384 1288)
(1195 2384 1288)
(1194 2385 1288)
(1194 2386 1289)
(1193 2387 1289)
(1192 2388 1289)
(1192 2389 1289)
(1191 2390 1289)
(1190 2391 1289)
(1190 2392 1290)
(1189 2392 1290)
(1189 2393 1290)
(1188 2394 1290)
(1187 2395 1290)
(1187 2396 1290)
(1186 2397 1291)
(1185 2398 1291)
(1185 2399 1291)
(1184 2400 1291)
(1184 2400 1291)
(1183 2401 1291)
(1182 2402 1292)
(1182 2403 1292)
(1181 2404 1292)
(1180 2405 1292)
(1180 2406 1292)
(1179 2407 1293)
(1179 2408 1293)
(1178 2408 1293)
(1177 2409 1293)
(1177 2410 1293)
(1176 2411 1293)
(1175 2412 1294)
(1175 2413 1294)
(1174 2414 1294)
(1174 2415 1294)
(1173 2416 1294)
(1172 2417 1294)
(1172 2417 1295)
(1171 2418 1295)
(1171 2419 1295)
(1170 2420 1295)
(1169 2421 1295)
(1169 2422 1296)
(1168 2423 1296)
(1168 2424 1296)
(1167 2425 1296)
(1166 2426 1296)
(1166 2426 1296)
(1165 2427 1297)
(1164 2428 1297)
(1164 2429 1297)
(1163 2430 1297)
(1163 2431 1297)
(1162 2432 1298)
(1161 2433 1298)
(1161 2434 1298)
(1160 2435 1298)
(1160 2435 1298)
(1159 2436 1299)
(1158 2437 1299)
(1158 2438 1299)
(1157 2439 1299)
(1157 2440 1299)
(1156 2441 1300)
(1155 2442 1300)
(1155 2443 1300)
(1154 2444 1300)
(1154 2445 1300)
(1153 2445 1301)
(1152 2446 1301)
(1152 2447 1301)
(1151 2448 1301)
(1151 2449 1301)
(1150 2450 1301)
(1149 2451 1302)
(1149 2452 1302)
(1148 2453 1302)
(1148 2454 1302)
(1147 2455 1302)
(1146 2455 1303)
(1146 2456 1303)
(1145 2457 1303)
(1145 2458 1303)
(1144 2459 1304)
(1144 2460 1304)
(1143 2461 1304)
(1142 2462 1304)
(1142 2463 1304)
(1141 2464 1305)
(1141 2465 1305)
(1140 2466 1305)
(1139 2466 1305)
(1139 2467 1305)
(1138 2468 1306)
(1138 2469 1306)
(1137 2470 1306)
(1136 2471 1306)
(1136 2472 1306)
(1135 2473 1307)
(1135 2474 1307)
(1134 2475 1307)
(1134 2476 1307)
(1133 2477 1307)
(1132 2477 1308)
(1132 2478 1308)
(1131 2479 1308)
(1131 2480 1308)
(1130 2481 1309)
(1129 2482 1309)
(1129 2483 1309)
(1128 2484 1309)
(1128 2485 1309)
(1127 2486 1310)
(1127 2487 1310)
(1126 2488 1310)
(1125 2489 1310)
(1125 2489 1311)
(1124 2490 1311)
(1124 2491 1311)
(1123 2492 1311)
(1123 2493 1311)
(1122 2494 1312)
(1121 2495 1312)
(1121 2496 1312)
(1120 2497 1312)
(1120 2498 1313)
(1119 2499 1313)
(1119 2500 1313)
(1118 2501 1313)
(1117 2501 1313)
(1117 2502 1314)
(1116 2503 1314)
(1116 2504 1314)
(1115 2505 1314)
(1115 2506 1315)
(1114 2507 1315)
(1113 2508 1315)
(1113 2509 1315)
(1112 2510 1316)
(1112 2511 1316)
(1111 2512 1316)
(1111 2513 1316)
(1110 2514 1316)
(1109 2514 1317)
(1109 2515 1317)
(1108 2516 1317)
(1108 2517 1317)
(1107 2518 1318)
(1107 2519 1318)
(1106 2520 1318)
(1106 2521 1318)
(1105 2522 1319)
(1104 2523 1319)
(1104 2524 1319)
(1103 2525 1319)
(1103 2526 1320)
(1102 2527 1320)
(1102 2528 1320)
(1101 2529 1320)
(1101 2529 1321)
(1100 2530 1321)
(1099 2531 1321)
(1099 2532 1321)
(1098 2533 1321)
(1098 2534 1322)
(1097 2535 1322)
(1097 2536 1322)
(1096 2537 1322)
(1096 2538 1323)
(1095 2539 1323)
(1094 2540 1323)
(1094 2541 1323)
(1093 2542 1324)
(1093 2543 1324)
(1092 2544 1324)
(1092 2545 1324)
(1091 2545 1325)
