(1032 1543 1429)(35 35 35)(r)
(1033 1538 1431)(35 35 35)(r)
(1033 1534 1434)(35 35 35)(r)
(1034 1529 1437)(35 35 35)(r)
(1035 1525 1440)(35 35 35)(r)
(1036 1520 1443)(35 35 35)(r)
(1037 1516 1446)(35 35 35)(r)
(1038 1511 1449)(35 35 35)(r)
(1039 1507 1451)(35 35 35)(r)
(1040 1502 1454)(35 35 35)(r)
(1041 1498 1457)(35 35 35)(r)
(1042 1493 1460)(35 35 35)(r)
(1043 1489 1463)(35 35 35)(r)
(1044 1484 1466)(35 35 35)(r)
(1045 1480 1469)(35 35 35)(r)
(1046 1475 1472)(35 35 35)(r)
(1047 1471 1475)(35 35 35)(r)
(1048 1467 1478)(35 35 35)(r)
(1049 1462 1481)(35 35 35)(r)
(1050 1458 1484)(35 35 35)(r)
(1051 1453 1487)(35 35 35)(r)
(1052 1449 1490)(35 35 35)(r)
(1053 1445 1493)(35 35 35)(r)
(1054 1440 1496)(35 35 35)(r)
(1055 1436 1499)(35 35 35)(r)
(1056 1432 1502)(35 35 35)(r)
(1058 1427 1506)(35 35 35)(r)
(1059 1423 1509)(35 35 35)(r)
(1060 1419 1512)(35 35 35)(r)
(1061 1414 1515)(35 35 35)(r)
(1062 1410 1518)(35 35 35)(r)
(1064 1406 1521)(35 35 35)(r)
(1065 1401 1524)(35 35 35)(r)
(1066 1397 1528)(35 35 35)(r)
(1067 1393 1531)(35 35 35)(r)
(1069 1389 1534)(35 35 35)(r)
(1070 1384 1537)(35 35 35)(r)
(1071 1380 1540)(35 35 35)(r)
(1072 1376 1544)(35 35 35)(r)
(1074 1372 1547)(35 35 35)(r)
(1075 1367 1550)(35 35 35)(r)
(1076 1363 1553)(35 35 35)(r)
(1078 1359 1557)(35 35 35)(r)
(1079 1355 1560)(35 35 35)(r)
(1081 1351 1563)(35 35 35)(r)
(1082 1346 1566)(35 35 35)(r)
(1083 1342 1570)(35 35 35)(r)
(1085 1338 1573)(35 35 35)(r)
(1086 1334 1576)(35 35 35)(r)
(1088 1330 1580)(35 35 35)(r)
(1089 1326 1583)(35 35 35)(r)
(1091 1322 1586)(35 35 35)(r)
(1092 1318 1590)(35 35 35)(r)
(1093 1313 1593)(35 35 35)(r)
(1095 1309 1596)(35 35 35)(r)
(1097 1305 1600)(35 35 35)(r)
(1098 1301 1603)(35 35 35)(r)
(1099 1299 1605)(35 35 35)(r)
