(1510 1508 1351)(70 70 70)(w)
(984 1998 1752)(70 70 70)(w)
(1523 2456 2216)(70 70 70)(w)
(1523 2456 2216)(35 35 35)(r)
(1525 2453 2211)(35 35 35)(r)
(1527 2450 2207)(35 35 35)(r)
(1530 2447 2203)(35 35 35)(r)
(1532 2445 2198)(35 35 35)(r)
(1535 2442 2194)(35 35 35)(r)
(1537 2439 2189)(35 35 35)(r)
(1540 2437 2185)(35 35 35)(r)
(1542 2434 2181)(35 35 35)(r)
(1545 2431 2176)(35 35 35)(r)
(1547 2429 2172)(35 35 35)(r)
(1550 2426 2168)(35 35 35)(r)
(1552 2423 2163)(35 35 35)(r)
(1555 2421 2159)(35 35 35)(r)
(1557 2418 2155)(35 35 35)(r)
(1560 2416 2150)(35 35 35)(r)
(1562 2413 2146)(35 35 35)(r)
(1565 2410 2142)(35 35 35)(r)
(1567 2408 2138)(35 35 35)(r)
(1570 2405 2133)(35 35 35)(r)
(1572 2403 2129)(35 35 35)(r)
(1575 2400 2125)(35 35 35)(r)
(1578 2398 2121)(35 35 35)(r)
(1580 2396 2117)(35 35 35)(r)
(1583 2393 2113)(35 35 35)(r)
(1586 2391 2108)(35 35 35)(r)
(1588 2388 2104)(35 35 35)(r)
(1591 2386 2100)(35 35 35)(r)
(1594 2383 2096)(35 35 35)(r)
(1596 2381 2092)(35 35 35)(r)
(1599 2379 2088)(35 35 35)(r)
(1602 2376 2084)(35 35 35)(r)
(1604 2374 2080)(35 35 35)(r)
(1607 2372 2076)(35 35 35)(r)
(1610 2369 2072)(35 35 35)(r)
(1613 2367 2068)(35 35 35)(r)
(1615 2365 2064)(35 35 35)(r)
(1618 2363 2060)(35 35 35)(r)
(1621 2360 2056)(35 35 35)(r)
(1624 2358 2052)(35 35 35)(r)
(1626 2356 2048)(35 35 35)(r)
(1629 2354 2044)(35 35 35)(r)
(1632 2351 2040)(35 35 35)(r)
(1635 2349 2036)(35 35 35)(r)
(1638 2347 2032)(35 35 35)(r)
(1641 2345 2028)(35 35 35)(r)
(1643 2343 2024)(35 35 35)(r)
(1646 2341 2020)(35 35 35)(r)
(1649 2338 2016)(35 35 35)(r)
(1652 2336 2012)(35 35 35)(r)
(1655 2334 2009)(35 35 35)(r)
(1658 2332 2005)(35 35 35)(r)
(1661 2330 2001)(35 35 35)(r)
(1664 2328 1997)(35 35 35)(r)
(1667 2326 1993)(35 35 35)(r)
(1670 2324 1989)(35 35 35)(r)
(1673 2322 1986)(35 35 35)(r)
(1676 2320 1982)(35 35 35)(r)
(1679 2318 1978)(35 35 35)(r)
(1682 2316 1974)(35 35 35)(r)
(1685 2314 1971)(35 35 35)(r)
(1688 2312 1967)(35 35 35)(r)
(1691 2310 1963)(35 35 35)(r)
(1694 2308 1960)(35 35 35)(r)
(1697 2306 1956)(35 35 35)(r)
(1700 2304 1952)(35 35 35)(r)
(1703 2302 1949)(35 35 35)(r)
(1706 2300 1945)(35 35 35)(r)
(1709 2299 1941)(35 35 35)(r)
(1712 2297 1938)(35 35 35)(r)
(1715 2295 1934)(35 35 35)(r)
(1718 2293 1930)(35 35 35)(r)
(1722 2291 1927)(35 35 35)(r)
(1725 2289 1923)(35 35 35)(r)
(1728 2288 1920)(35 35 35)(r)
(1731 2286 1916)(35 35 35)(r)
(1734 2284 1913)(35 35 35)(r)
(1737 2282 1909)(35 35 35)(r)
(1741 2281 1905)(35 35 35)(r)
(1744 2279 1902)(35 35 35)(r)
(1747 2277 1898)(35 35 35)(r)
(1750 2275 1895)(35 35 35)(r)
(1754 2274 1891)(35 35 35)(r)
(1757 2272 1888)(35 35 35)(r)
(1760 2270 1885)(35 35 35)(r)
(1763 2269 1881)(35 35 35)(r)
(1767 2267 1878)(35 35 35)(r)
(1770 2266 1874)(35 35 35)(r)
(1773 2264 1871)(35 35 35)(r)
(1776 2262 1867)(35 35 35)(r)
(1777 2262 1867)(35 35 35)(r)
(1777 2262 1867)(35 35 35)(r)
(1776 2266 1865)(35 35 35)(r)
(1776 2271 1863)(35 35 35)(r)
(1776 2275 1861)(35 35 35)(r)
(1775 2279 1859)(35 35 35)(r)
(1775 2283 1857)(35 35 35)(r)
(1774 2288 1854)(35 35 35)(r)
(1774 2292 1852)(35 35 35)(r)
(1774 2296 1850)(35 35 35)(r)
(1773 2301 1848)(35 35 35)(r)
(1773 2305 1846)(35 35 35)(r)
(1773 2309 1844)(35 35 35)(r)
(1772 2313 1842)(35 35 35)(r)
(1772 2318 1840)(35 35 35)(r)
(1772 2322 1838)(35 35 35)(r)
(1772 2327 1836)(35 35 35)(r)
(1771 2331 1834)(35 35 35)(r)
(1771 2335 1832)(35 35 35)(r)
(1771 2340 1830)(35 35 35)(r)
(1771 2344 1828)(35 35 35)(r)
(1770 2348 1826)(35 35 35)(r)
(1770 2353 1825)(35 35 35)(r)
(1770 2357 1823)(35 35 35)(r)
(1770 2362 1821)(35 35 35)(r)
(1770 2366 1819)(35 35 35)(r)
(1770 2371 1817)(35 35 35)(r)
(1770 2375 1815)(35 35 35)(r)
(1769 2380 1813)(35 35 35)(r)
(1769 2384 1811)(35 35 35)(r)
(1769 2389 1810)(35 35 35)(r)
(1769 2393 1808)(35 35 35)(r)
(1769 2398 1806)(35 35 35)(r)
(1769 2402 1804)(35 35 35)(r)
(1769 2407 1802)(35 35 35)(r)
(1769 2411 1801)(35 35 35)(r)
(1769 2416 1799)(35 35 35)(r)
(1769 2420 1797)(35 35 35)(r)
(1769 2425 1795)(35 35 35)(r)
(1769 2429 1794)(35 35 35)(r)
(1769 2434 1792)(35 35 35)(r)
(1769 2439 1790)(35 35 35)(r)
(1769 2443 1788)(35 35 35)(r)
(1769 2448 1787)(35 35 35)(r)
(1769 2453 1785)(35 35 35)(r)
(1769 2457 1783)(35 35 35)(r)
(1769 2462 1782)(35 35 35)(r)
(1770 2467 1780)(35 35 35)(r)
(1770 2471 1778)(35 35 35)(r)
(1770 2476 1777)(35 35 35)(r)
(1770 2481 1775)(35 35 35)(r)
(1770 2485 1774)(35 35 35)(r)
(1770 2490 1772)(35 35 35)(r)
(1771 2495 1770)(35 35 35)(r)
(1771 2499 1769)(35 35 35)(r)
(1771 2504 1767)(35 35 35)(r)
(1771 2509 1766)(35 35 35)(r)
(1771 2514 1764)(35 35 35)(r)
(1772 2518 1763)(35 35 35)(r)
(1772 2523 1761)(35 35 35)(r)
(1772 2528 1760)(35 35 35)(r)
(1773 2533 1758)(35 35 35)(r)
(1773 2538 1757)(35 35 35)(r)
(1773 2543 1755)(35 35 35)(r)
(1773 2547 1754)(35 35 35)(r)
(1774 2552 1752)(35 35 35)(r)
(1774 2557 1751)(35 35 35)(r)
(1775 2562 1750)(35 35 35)(r)
(1775 2567 1748)(35 35 35)(r)
(1775 2572 1747)(35 35 35)(r)
(1776 2577 1745)(35 35 35)(r)
(1776 2582 1744)(35 35 35)(r)
(1777 2587 1743)(35 35 35)(r)
(1777 2591 1741)(35 35 35)(r)
(1777 2596 1740)(35 35 35)(r)
(1778 2601 1739)(35 35 35)(r)
(1778 2606 1737)(35 35 35)(r)
(1779 2611 1736)(35 35 35)(r)
(1779 2616 1735)(35 35 35)(r)
(1780 2621 1733)(35 35 35)(r)
(1780 2626 1732)(35 35 35)(r)
(1781 2631 1731)(35 35 35)(r)
(1781 2636 1730)(35 35 35)(r)
(1782 2641 1728)(35 35 35)(r)
(1783 2647 1727)(35 35 35)(r)
(1783 2652 1726)(35 35 35)(r)
(1784 2657 1725)(35 35 35)(r)
(1784 2662 1724)(35 35 35)(r)
(1785 2667 1722)(35 35 35)(r)
(1786 2672 1721)(35 35 35)(r)
(1786 2677 1720)(35 35 35)(r)
(1786 2678 1720)(35 35 35)(r)
(1271 2237 1213)(70 70 70)(w)
(1704 2139 886)(70 70 70)(w)
(2184 2587 1420)(70 70 70)(w)
(2184 2587 1420)(35 35 35)(r)
(2183 2582 1421)(35 35 35)(r)
(2182 2576 1423)(35 35 35)(r)
(2181 2571 1424)(35 35 35)(r)
(2181 2566 1425)(35 35 35)(r)
(2180 2561 1427)(35 35 35)(r)
(2179 2556 1428)(35 35 35)(r)
(2178 2550 1429)(35 35 35)(r)
(2178 2545 1431)(35 35 35)(r)
(2177 2540 1432)(35 35 35)(r)
(2176 2535 1433)(35 35 35)(r)
(2176 2530 1435)(35 35 35)(r)
(2175 2525 1436)(35 35 35)(r)
(2174 2520 1438)(35 35 35)(r)
(2174 2515 1439)(35 35 35)(r)
(2173 2510 1441)(35 35 35)(r)
(2173 2504 1442)(35 35 35)(r)
(2172 2499 1443)(35 35 35)(r)
(2172 2494 1445)(35 35 35)(r)
(2171 2489 1446)(35 35 35)(r)
(2171 2484 1448)(35 35 35)(r)
(2170 2479 1449)(35 35 35)(r)
(2170 2474 1451)(35 35 35)(r)
(2169 2469 1452)(35 35 35)(r)
(2169 2464 1454)(35 35 35)(r)
(2168 2459 1456)(35 35 35)(r)
(2168 2455 1457)(35 35 35)(r)
(2167 2450 1459)(35 35 35)(r)
(2167 2445 1460)(35 35 35)(r)
(2166 2440 1462)(35 35 35)(r)
(2166 2435 1463)(35 35 35)(r)
(2166 2430 1465)(35 35 35)(r)
(2165 2425 1467)(35 35 35)(r)
(2165 2420 1468)(35 35 35)(r)
(2165 2415 1470)(35 35 35)(r)
(2164 2410 1472)(35 35 35)(r)
(2164 2406 1473)(35 35 35)(r)
(2164 2401 1475)(35 35 35)(r)
(2163 2396 1477)(35 35 35)(r)
(2163 2391 1478)(35 35 35)(r)
(2163 2386 1480)(35 35 35)(r)
(2163 2382 1482)(35 35 35)(r)
(2162 2377 1484)(35 35 35)(r)
(2162 2372 1485)(35 35 35)(r)
(2162 2367 1487)(35 35 35)(r)
(2162 2363 1489)(35 35 35)(r)
(2161 2358 1491)(35 35 35)(r)
(2161 2353 1493)(35 35 35)(r)
(2161 2348 1494)(35 35 35)(r)
(2161 2344 1496)(35 35 35)(r)
(2161 2339 1498)(35 35 35)(r)
(2161 2334 1500)(35 35 35)(r)
(2161 2330 1502)(35 35 35)(r)
(2160 2325 1504)(35 35 35)(r)
(2160 2320 1505)(35 35 35)(r)
(2160 2316 1507)(35 35 35)(r)
(2160 2311 1509)(35 35 35)(r)
(2160 2306 1511)(35 35 35)(r)
(2160 2302 1513)(35 35 35)(r)
(2160 2297 1515)(35 35 35)(r)
(2160 2293 1517)(35 35 35)(r)
(2160 2288 1519)(35 35 35)(r)
(2160 2283 1521)(35 35 35)(r)
(2160 2279 1523)(35 35 35)(r)
(2160 2274 1525)(35 35 35)(r)
(2160 2270 1527)(35 35 35)(r)
(2160 2265 1529)(35 35 35)(r)
(2160 2261 1531)(35 35 35)(r)
(2160 2256 1533)(35 35 35)(r)
(2161 2252 1535)(35 35 35)(r)
(2161 2247 1537)(35 35 35)(r)
(2161 2243 1539)(35 35 35)(r)
(2161 2238 1541)(35 35 35)(r)
(2161 2234 1543)(35 35 35)(r)
(2161 2229 1545)(35 35 35)(r)
(2161 2225 1547)(35 35 35)(r)
(2162 2220 1550)(35 35 35)(r)
(2162 2216 1552)(35 35 35)(r)
(2162 2211 1554)(35 35 35)(r)
(2162 2207 1556)(35 35 35)(r)
(2162 2203 1558)(35 35 35)(r)
(2163 2198 1560)(35 35 35)(r)
(2163 2194 1563)(35 35 35)(r)
(2163 2190 1565)(35 35 35)(r)
(2163 2185 1567)(35 35 35)(r)
(2164 2181 1569)(35 35 35)(r)
(2164 2176 1571)(35 35 35)(r)
(2164 2172 1574)(35 35 35)(r)
(2165 2168 1576)(35 35 35)(r)
(2165 2164 1578)(35 35 35)(r)
(2165 2163 1578)(35 35 35)(r)
(2165 2163 1578)(35 35 35)(r)
(2169 2163 1576)(35 35 35)(r)
(2174 2162 1574)(35 35 35)(r)
(2178 2162 1572)(35 35 35)(r)
(2182 2162 1569)(35 35 35)(r)
(2187 2161 1567)(35 35 35)(r)
(2191 2161 1565)(35 35 35)(r)
(2195 2161 1563)(35 35 35)(r)
(2200 2161 1561)(35 35 35)(r)
(2204 2160 1558)(35 35 35)(r)
(2209 2160 1556)(35 35 35)(r)
(2213 2160 1554)(35 35 35)(r)
(2217 2160 1552)(35 35 35)(r)
(2222 2160 1550)(35 35 35)(r)
(2226 2159 1548)(35 35 35)(r)
(2231 2159 1546)(35 35 35)(r)
(2235 2159 1543)(35 35 35)(r)
(2240 2159 1541)(35 35 35)(r)
(2244 2159 1539)(35 35 35)(r)
(2249 2159 1537)(35 35 35)(r)
(2253 2159 1535)(35 35 35)(r)
(2258 2158 1533)(35 35 35)(r)
(2262 2158 1531)(35 35 35)(r)
(2267 2158 1529)(35 35 35)(r)
(2271 2158 1527)(35 35 35)(r)
(2276 2158 1525)(35 35 35)(r)
(2280 2158 1523)(35 35 35)(r)
(2285 2158 1521)(35 35 35)(r)
(2289 2158 1519)(35 35 35)(r)
(2294 2158 1517)(35 35 35)(r)
(2299 2158 1515)(35 35 35)(r)
(2303 2158 1513)(35 35 35)(r)
(2308 2158 1511)(35 35 35)(r)
(2313 2158 1509)(35 35 35)(r)
(2317 2158 1507)(35 35 35)(r)
(2322 2158 1506)(35 35 35)(r)
(2326 2158 1504)(35 35 35)(r)
(2331 2159 1502)(35 35 35)(r)
(2336 2159 1500)(35 35 35)(r)
(2340 2159 1498)(35 35 35)(r)
(2345 2159 1496)(35 35 35)(r)
(2350 2159 1494)(35 35 35)(r)
(2355 2159 1493)(35 35 35)(r)
(2359 2159 1491)(35 35 35)(r)
(2364 2160 1489)(35 35 35)(r)
(2369 2160 1487)(35 35 35)(r)
(2374 2160 1486)(35 35 35)(r)
(2378 2160 1484)(35 35 35)(r)
(2383 2160 1482)(35 35 35)(r)
(2388 2161 1480)(35 35 35)(r)
(2393 2161 1479)(35 35 35)(r)
(2398 2161 1477)(35 35 35)(r)
(2402 2162 1475)(35 35 35)(r)
(2407 2162 1473)(35 35 35)(r)
(2412 2162 1472)(35 35 35)(r)
(2417 2163 1470)(35 35 35)(r)
(2422 2163 1469)(35 35 35)(r)
(2427 2163 1467)(35 35 35)(r)
(2431 2164 1465)(35 35 35)(r)
(2436 2164 1464)(35 35 35)(r)
(2441 2164 1462)(35 35 35)(r)
(2446 2165 1460)(35 35 35)(r)
(2451 2165 1459)(35 35 35)(r)
(2456 2166 1457)(35 35 35)(r)
(2461 2166 1456)(35 35 35)(r)
(2466 2167 1454)(35 35 35)(r)
(2471 2167 1453)(35 35 35)(r)
(2476 2167 1451)(35 35 35)(r)
(2481 2168 1450)(35 35 35)(r)
(2486 2168 1448)(35 35 35)(r)
(2491 2169 1447)(35 35 35)(r)
(2496 2170 1445)(35 35 35)(r)
(2501 2170 1444)(35 35 35)(r)
(2506 2171 1442)(35 35 35)(r)
(2511 2171 1441)(35 35 35)(r)
(2516 2172 1439)(35 35 35)(r)
(2521 2172 1438)(35 35 35)(r)
(2526 2173 1436)(35 35 35)(r)
(2531 2174 1435)(35 35 35)(r)
(2536 2174 1434)(35 35 35)(r)
(2542 2175 1432)(35 35 35)(r)
(2547 2176 1431)(35 35 35)(r)
(2552 2176 1429)(35 35 35)(r)
(2557 2177 1428)(35 35 35)(r)
(2562 2178 1427)(35 35 35)(r)
(2567 2178 1425)(35 35 35)(r)
(2573 2179 1424)(35 35 35)(r)
(2578 2180 1423)(35 35 35)(r)
(2583 2181 1422)(35 35 35)(r)
(2588 2181 1420)(35 35 35)(r)
(2589 2182 1420)(35 35 35)(r)
(2141 1702 886)(70 70 70)(w)
(2239 1269 1213)(70 70 70)(w)
(2680 1784 1720)(70 70 70)(w)
(2680 1784 1720)(35 35 35)(r)
(2674 1784 1721)(35 35 35)(r)
(2669 1783 1722)(35 35 35)(r)
(2664 1783 1723)(35 35 35)(r)
(2659 1782 1725)(35 35 35)(r)
(2654 1781 1726)(35 35 35)(r)
(2649 1781 1727)(35 35 35)(r)
(2644 1780 1728)(35 35 35)(r)
(2639 1780 1729)(35 35 35)(r)
(2634 1779 1731)(35 35 35)(r)
(2629 1778 1732)(35 35 35)(r)
(2624 1778 1733)(35 35 35)(r)
(2619 1777 1735)(35 35 35)(r)
(2614 1777 1736)(35 35 35)(r)
(2609 1776 1737)(35 35 35)(r)
(2604 1776 1738)(35 35 35)(r)
(2599 1775 1740)(35 35 35)(r)
(2594 1775 1741)(35 35 35)(r)
(2589 1775 1742)(35 35 35)(r)
(2584 1774 1744)(35 35 35)(r)
(2579 1774 1745)(35 35 35)(r)
(2574 1773 1747)(35 35 35)(r)
(2569 1773 1748)(35 35 35)(r)
(2564 1773 1749)(35 35 35)(r)
(2560 1772 1751)(35 35 35)(r)
(2555 1772 1752)(35 35 35)(r)
(2550 1771 1754)(35 35 35)(r)
(2545 1771 1755)(35 35 35)(r)
(2540 1771 1757)(35 35 35)(r)
(2535 1771 1758)(35 35 35)(r)
(2531 1770 1760)(35 35 35)(r)
(2526 1770 1761)(35 35 35)(r)
(2521 1770 1763)(35 35 35)(r)
(2516 1769 1764)(35 35 35)(r)
(2511 1769 1766)(35 35 35)(r)
(2507 1769 1767)(35 35 35)(r)
(2502 1769 1769)(35 35 35)(r)
(2497 1769 1770)(35 35 35)(r)
(2492 1768 1772)(35 35 35)(r)
(2488 1768 1773)(35 35 35)(r)
(2483 1768 1775)(35 35 35)(r)
(2478 1768 1777)(35 35 35)(r)
(2474 1768 1778)(35 35 35)(r)
(2469 1768 1780)(35 35 35)(r)
(2464 1767 1782)(35 35 35)(r)
(2460 1767 1783)(35 35 35)(r)
(2455 1767 1785)(35 35 35)(r)
(2450 1767 1787)(35 35 35)(r)
(2446 1767 1788)(35 35 35)(r)
(2441 1767 1790)(35 35 35)(r)
(2437 1767 1792)(35 35 35)(r)
(2432 1767 1793)(35 35 35)(r)
(2427 1767 1795)(35 35 35)(r)
(2423 1767 1797)(35 35 35)(r)
(2418 1767 1799)(35 35 35)(r)
(2414 1767 1800)(35 35 35)(r)
(2409 1767 1802)(35 35 35)(r)
(2405 1767 1804)(35 35 35)(r)
(2400 1767 1806)(35 35 35)(r)
(2396 1767 1808)(35 35 35)(r)
(2391 1767 1809)(35 35 35)(r)
(2387 1767 1811)(35 35 35)(r)
(2382 1767 1813)(35 35 35)(r)
(2378 1768 1815)(35 35 35)(r)
(2373 1768 1817)(35 35 35)(r)
(2369 1768 1819)(35 35 35)(r)
(2364 1768 1821)(35 35 35)(r)
(2360 1768 1822)(35 35 35)(r)
(2355 1768 1824)(35 35 35)(r)
(2351 1768 1826)(35 35 35)(r)
(2346 1769 1828)(35 35 35)(r)
(2342 1769 1830)(35 35 35)(r)
(2338 1769 1832)(35 35 35)(r)
(2333 1769 1834)(35 35 35)(r)
(2329 1770 1836)(35 35 35)(r)
(2325 1770 1838)(35 35 35)(r)
(2320 1770 1840)(35 35 35)(r)
(2316 1770 1842)(35 35 35)(r)
(2312 1771 1844)(35 35 35)(r)
(2307 1771 1846)(35 35 35)(r)
(2303 1771 1848)(35 35 35)(r)
(2299 1772 1850)(35 35 35)(r)
(2294 1772 1852)(35 35 35)(r)
(2290 1772 1854)(35 35 35)(r)
(2286 1773 1856)(35 35 35)(r)
(2282 1773 1858)(35 35 35)(r)
(2277 1773 1861)(35 35 35)(r)
(2273 1774 1863)(35 35 35)(r)
(2269 1774 1865)(35 35 35)(r)
(2265 1775 1867)(35 35 35)(r)
(2264 1775 1867)(35 35 35)(r)
(2264 1775 1867)(35 35 35)(r)
(2266 1771 1870)(35 35 35)(r)
(2267 1768 1874)(35 35 35)(r)
(2269 1765 1877)(35 35 35)(r)
(2271 1762 1881)(35 35 35)(r)
(2272 1758 1884)(35 35 35)(r)
(2274 1755 1888)(35 35 35)(r)
(2276 1752 1891)(35 35 35)(r)
(2277 1749 1895)(35 35 35)(r)
(2279 1745 1898)(35 35 35)(r)
(2281 1742 1902)(35 35 35)(r)
(2282 1739 1905)(35 35 35)(r)
(2284 1736 1909)(35 35 35)(r)
(2286 1733 1912)(35 35 35)(r)
(2288 1729 1916)(35 35 35)(r)
(2289 1726 1919)(35 35 35)(r)
(2291 1723 1923)(35 35 35)(r)
(2293 1720 1926)(35 35 35)(r)
(2295 1717 1930)(35 35 35)(r)
(2297 1714 1934)(35 35 35)(r)
(2299 1711 1937)(35 35 35)(r)
(2300 1707 1941)(35 35 35)(r)
(2302 1704 1945)(35 35 35)(r)
(2304 1701 1948)(35 35 35)(r)
(2306 1698 1952)(35 35 35)(r)
(2308 1695 1956)(35 35 35)(r)
(2310 1692 1959)(35 35 35)(r)
(2312 1689 1963)(35 35 35)(r)
(2314 1686 1967)(35 35 35)(r)
(2316 1683 1970)(35 35 35)(r)
(2318 1680 1974)(35 35 35)(r)
(2320 1677 1978)(35 35 35)(r)
(2322 1674 1982)(35 35 35)(r)
(2324 1671 1985)(35 35 35)(r)
(2326 1668 1989)(35 35 35)(r)
(2328 1665 1993)(35 35 35)(r)
(2330 1662 1997)(35 35 35)(r)
(2332 1659 2001)(35 35 35)(r)
(2334 1656 2004)(35 35 35)(r)
(2336 1653 2008)(35 35 35)(r)
(2338 1650 2012)(35 35 35)(r)
(2340 1647 2016)(35 35 35)(r)
(2342 1645 2020)(35 35 35)(r)
(2344 1642 2024)(35 35 35)(r)
(2347 1639 2028)(35 35 35)(r)
(2349 1636 2031)(35 35 35)(r)
(2351 1633 2035)(35 35 35)(r)
(2353 1630 2039)(35 35 35)(r)
(2355 1628 2043)(35 35 35)(r)
(2358 1625 2047)(35 35 35)(r)
(2360 1622 2051)(35 35 35)(r)
(2362 1619 2055)(35 35 35)(r)
(2364 1616 2059)(35 35 35)(r)
(2367 1614 2063)(35 35 35)(r)
(2369 1611 2067)(35 35 35)(r)
(2371 1608 2071)(35 35 35)(r)
(2373 1605 2075)(35 35 35)(r)
(2376 1603 2079)(35 35 35)(r)
(2378 1600 2083)(35 35 35)(r)
(2380 1597 2087)(35 35 35)(r)
(2383 1594 2091)(35 35 35)(r)
(2385 1592 2096)(35 35 35)(r)
(2388 1589 2100)(35 35 35)(r)
(2390 1586 2104)(35 35 35)(r)
(2392 1584 2108)(35 35 35)(r)
(2395 1581 2112)(35 35 35)(r)
(2397 1578 2116)(35 35 35)(r)
(2400 1576 2120)(35 35 35)(r)
(2402 1573 2125)(35 35 35)(r)
(2405 1571 2129)(35 35 35)(r)
(2407 1568 2133)(35 35 35)(r)
(2410 1565 2137)(35 35 35)(r)
(2412 1563 2142)(35 35 35)(r)
(2415 1560 2146)(35 35 35)(r)
(2417 1558 2150)(35 35 35)(r)
(2420 1555 2154)(35 35 35)(r)
(2423 1553 2159)(35 35 35)(r)
(2425 1550 2163)(35 35 35)(r)
(2428 1548 2167)(35 35 35)(r)
(2430 1545 2172)(35 35 35)(r)
(2433 1543 2176)(35 35 35)(r)
(2436 1540 2180)(35 35 35)(r)
(2438 1538 2185)(35 35 35)(r)
(2441 1535 2189)(35 35 35)(r)
(2444 1533 2193)(35 35 35)(r)
(2446 1531 2198)(35 35 35)(r)
(2449 1528 2202)(35 35 35)(r)
(2452 1526 2207)(35 35 35)(r)
(2455 1523 2211)(35 35 35)(r)
(2457 1521 2215)(35 35 35)(r)
(2458 1521 2216)(35 35 35)(r)
(2000 982 1752)(70 70 70)(w)
(1593 1103 2030)(70 70 70)(w)
(2081 1632 2475)(70 70 70)(w)
(2081 1632 2475)(35 35 35)(r)
(2079 1634 2470)(35 35 35)(r)
(2076 1636 2466)(35 35 35)(r)
(2073 1639 2462)(35 35 35)(r)
(2070 1641 2458)(35 35 35)(r)
(2068 1643 2453)(35 35 35)(r)
(2065 1646 2449)(35 35 35)(r)
(2062 1648 2445)(35 35 35)(r)
(2059 1651 2441)(35 35 35)(r)
(2057 1653 2437)(35 35 35)(r)
(2054 1655 2432)(35 35 35)(r)
(2051 1658 2428)(35 35 35)(r)
(2049 1660 2424)(35 35 35)(r)
(2046 1663 2420)(35 35 35)(r)
(2043 1665 2416)(35 35 35)(r)
(2041 1668 2412)(35 35 35)(r)
(2038 1670 2408)(35 35 35)(r)
(2036 1673 2404)(35 35 35)(r)
(2033 1675 2400)(35 35 35)(r)
(2031 1678 2395)(35 35 35)(r)
(2028 1680 2391)(35 35 35)(r)
(2025 1683 2387)(35 35 35)(r)
(2023 1686 2383)(35 35 35)(r)
(2020 1688 2379)(35 35 35)(r)
(2018 1691 2375)(35 35 35)(r)
(2015 1693 2371)(35 35 35)(r)
(2013 1696 2367)(35 35 35)(r)
(2011 1699 2363)(35 35 35)(r)
(2008 1701 2360)(35 35 35)(r)
(2006 1704 2356)(35 35 35)(r)
(2003 1707 2352)(35 35 35)(r)
(2001 1709 2348)(35 35 35)(r)
(1998 1712 2344)(35 35 35)(r)
(1996 1715 2340)(35 35 35)(r)
(1994 1717 2336)(35 35 35)(r)
(1991 1720 2332)(35 35 35)(r)
(1989 1723 2328)(35 35 35)(r)
(1987 1725 2325)(35 35 35)(r)
(1984 1728 2321)(35 35 35)(r)
(1982 1731 2317)(35 35 35)(r)
(1980 1734 2313)(35 35 35)(r)
(1978 1736 2309)(35 35 35)(r)
(1975 1739 2306)(35 35 35)(r)
(1973 1742 2302)(35 35 35)(r)
(1971 1745 2298)(35 35 35)(r)
(1969 1748 2294)(35 35 35)(r)
(1966 1750 2291)(35 35 35)(r)
(1964 1753 2287)(35 35 35)(r)
(1962 1756 2283)(35 35 35)(r)
(1960 1759 2279)(35 35 35)(r)
(1958 1762 2276)(35 35 35)(r)
(1956 1765 2272)(35 35 35)(r)
(1953 1767 2268)(35 35 35)(r)
(1951 1770 2265)(35 35 35)(r)
(1949 1773 2261)(35 35 35)(r)
(1947 1776 2258)(35 35 35)(r)
(1945 1779 2254)(35 35 35)(r)
(1943 1782 2250)(35 35 35)(r)
(1941 1785 2247)(35 35 35)(r)
(1939 1788 2243)(35 35 35)(r)
(1937 1791 2240)(35 35 35)(r)
(1935 1794 2236)(35 35 35)(r)
(1933 1797 2233)(35 35 35)(r)
(1931 1800 2229)(35 35 35)(r)
(1929 1803 2225)(35 35 35)(r)
(1927 1806 2222)(35 35 35)(r)
(1925 1809 2218)(35 35 35)(r)
(1923 1812 2215)(35 35 35)(r)
(1921 1815 2212)(35 35 35)(r)
(1919 1818 2208)(35 35 35)(r)
(1917 1821 2205)(35 35 35)(r)
(1915 1824 2201)(35 35 35)(r)
(1914 1827 2198)(35 35 35)(r)
(1912 1830 2194)(35 35 35)(r)
(1910 1833 2191)(35 35 35)(r)
(1908 1836 2187)(35 35 35)(r)
(1906 1840 2184)(35 35 35)(r)
(1904 1843 2181)(35 35 35)(r)
(1902 1846 2177)(35 35 35)(r)
(1901 1849 2174)(35 35 35)(r)
(1899 1852 2171)(35 35 35)(r)
(1897 1855 2167)(35 35 35)(r)
(1895 1858 2164)(35 35 35)(r)
(1894 1862 2161)(35 35 35)(r)
(1892 1865 2157)(35 35 35)(r)
(1890 1868 2154)(35 35 35)(r)
(1889 1871 2151)(35 35 35)(r)
(1887 1875 2148)(35 35 35)(r)
(1885 1878 2144)(35 35 35)(r)
(1883 1881 2141)(35 35 35)(r)
(1883 1881 2141)(35 35 35)(r)
(1883 1881 2141)(35 35 35)(r)
(1880 1883 2144)(35 35 35)(r)
(1877 1885 2147)(35 35 35)(r)
(1874 1886 2151)(35 35 35)(r)
(1870 1888 2154)(35 35 35)(r)
(1867 1890 2157)(35 35 35)(r)
(1864 1892 2160)(35 35 35)(r)
(1861 1893 2164)(35 35 35)(r)
(1858 1895 2167)(35 35 35)(r)
(1854 1897 2170)(35 35 35)(r)
(1851 1899 2174)(35 35 35)(r)
(1848 1900 2177)(35 35 35)(r)
(1845 1902 2180)(35 35 35)(r)
(1842 1904 2184)(35 35 35)(r)
(1839 1906 2187)(35 35 35)(r)
(1836 1908 2191)(35 35 35)(r)
(1833 1909 2194)(35 35 35)(r)
(1829 1911 2197)(35 35 35)(r)
(1826 1913 2201)(35 35 35)(r)
(1823 1915 2204)(35 35 35)(r)
(1820 1917 2208)(35 35 35)(r)
(1817 1919 2211)(35 35 35)(r)
(1814 1921 2215)(35 35 35)(r)
(1811 1923 2218)(35 35 35)(r)
(1808 1925 2222)(35 35 35)(r)
(1805 1927 2225)(35 35 35)(r)
(1802 1929 2229)(35 35 35)(r)
(1799 1931 2232)(35 35 35)(r)
(1796 1933 2236)(35 35 35)(r)
(1793 1935 2239)(35 35 35)(r)
(1790 1937 2243)(35 35 35)(r)
(1787 1939 2246)(35 35 35)(r)
(1784 1941 2250)(35 35 35)(r)
(1781 1943 2254)(35 35 35)(r)
(1778 1945 2257)(35 35 35)(r)
(1776 1947 2261)(35 35 35)(r)
(1773 1949 2264)(35 35 35)(r)
(1770 1951 2268)(35 35 35)(r)
(1767 1953 2272)(35 35 35)(r)
(1764 1956 2275)(35 35 35)(r)
(1761 1958 2279)(35 35 35)(r)
(1758 1960 2283)(35 35 35)(r)
(1755 1962 2287)(35 35 35)(r)
(1753 1964 2290)(35 35 35)(r)
(1750 1966 2294)(35 35 35)(r)
(1747 1969 2298)(35 35 35)(r)
(1744 1971 2301)(35 35 35)(r)
(1741 1973 2305)(35 35 35)(r)
(1739 1975 2309)(35 35 35)(r)
(1736 1978 2313)(35 35 35)(r)
(1733 1980 2317)(35 35 35)(r)
(1730 1982 2320)(35 35 35)(r)
(1728 1985 2324)(35 35 35)(r)
(1725 1987 2328)(35 35 35)(r)
(1722 1989 2332)(35 35 35)(r)
(1719 1992 2336)(35 35 35)(r)
(1717 1994 2340)(35 35 35)(r)
(1714 1996 2344)(35 35 35)(r)
(1711 1999 2347)(35 35 35)(r)
(1709 2001 2351)(35 35 35)(r)
(1706 2003 2355)(35 35 35)(r)
(1703 2006 2359)(35 35 35)(r)
(1701 2008 2363)(35 35 35)(r)
(1698 2011 2367)(35 35 35)(r)
(1696 2013 2371)(35 35 35)(r)
(1693 2016 2375)(35 35 35)(r)
(1690 2018 2379)(35 35 35)(r)
(1688 2021 2383)(35 35 35)(r)
(1685 2023 2387)(35 35 35)(r)
(1683 2026 2391)(35 35 35)(r)
(1680 2028 2395)(35 35 35)(r)
(1678 2031 2399)(35 35 35)(r)
(1675 2033 2403)(35 35 35)(r)
(1673 2036 2407)(35 35 35)(r)
(1670 2039 2411)(35 35 35)(r)
(1668 2041 2415)(35 35 35)(r)
(1665 2044 2420)(35 35 35)(r)
(1663 2046 2424)(35 35 35)(r)
(1660 2049 2428)(35 35 35)(r)
(1658 2052 2432)(35 35 35)(r)
(1655 2054 2436)(35 35 35)(r)
(1653 2057 2440)(35 35 35)(r)
(1650 2060 2445)(35 35 35)(r)
(1648 2063 2449)(35 35 35)(r)
(1646 2065 2453)(35 35 35)(r)
(1643 2068 2457)(35 35 35)(r)
(1641 2071 2462)(35 35 35)(r)
(1638 2074 2466)(35 35 35)(r)
(1636 2076 2470)(35 35 35)(r)
(1634 2079 2474)(35 35 35)(r)
(1634 2079 2475)(35 35 35)(r)
(1105 1591 2030)(70 70 70)(w)
(1712 1009 2303)(70 70 70)(w)
(2204 1550 2753)(70 70 70)(w)
(2204 1550 2753)(35 35 35)(r)
(2209 1547 2754)(35 35 35)(r)
(2213 1544 2755)(35 35 35)(r)
(2218 1542 2757)(35 35 35)(r)
(2223 1539 2758)(35 35 35)(r)
(2228 1537 2759)(35 35 35)(r)
(2232 1534 2761)(35 35 35)(r)
(2237 1532 2762)(35 35 35)(r)
(2242 1529 2764)(35 35 35)(r)
(2247 1527 2765)(35 35 35)(r)
(2251 1524 2767)(35 35 35)(r)
(2256 1522 2768)(35 35 35)(r)
(2261 1519 2769)(35 35 35)(r)
(2266 1517 2771)(35 35 35)(r)
(2271 1514 2772)(35 35 35)(r)
(2276 1512 2774)(35 35 35)(r)
(2281 1510 2776)(35 35 35)(r)
(2285 1507 2777)(35 35 35)(r)
(2290 1505 2779)(35 35 35)(r)
(2295 1502 2780)(35 35 35)(r)
(2300 1500 2782)(35 35 35)(r)
(2305 1498 2783)(35 35 35)(r)
(2310 1495 2785)(35 35 35)(r)
(2315 1493 2787)(35 35 35)(r)
(2320 1491 2788)(35 35 35)(r)
(2325 1488 2790)(35 35 35)(r)
(2330 1486 2792)(35 35 35)(r)
(2335 1484 2794)(35 35 35)(r)
(2340 1482 2795)(35 35 35)(r)
(2345 1479 2797)(35 35 35)(r)
(2350 1477 2799)(35 35 35)(r)
(2355 1475 2801)(35 35 35)(r)
(2361 1473 2802)(35 35 35)(r)
(2366 1470 2804)(35 35 35)(r)
(2371 1468 2806)(35 35 35)(r)
(2376 1466 2808)(35 35 35)(r)
(2381 1464 2810)(35 35 35)(r)
(2386 1462 2812)(35 35 35)(r)
(2392 1459 2814)(35 35 35)(r)
(2397 1457 2816)(35 35 35)(r)
(2402 1455 2818)(35 35 35)(r)
(2407 1453 2820)(35 35 35)(r)
(2412 1451 2822)(35 35 35)(r)
(2418 1449 2824)(35 35 35)(r)
(2423 1447 2826)(35 35 35)(r)
(2428 1445 2828)(35 35 35)(r)
(2434 1443 2830)(35 35 35)(r)
(2439 1441 2832)(35 35 35)(r)
(2444 1438 2834)(35 35 35)(r)
(2450 1436 2836)(35 35 35)(r)
(2455 1434 2838)(35 35 35)(r)
(2460 1432 2840)(35 35 35)(r)
(2466 1430 2842)(35 35 35)(r)
(2471 1428 2845)(35 35 35)(r)
(2477 1426 2847)(35 35 35)(r)
(2482 1425 2849)(35 35 35)(r)
(2488 1423 2851)(35 35 35)(r)
(2493 1421 2853)(35 35 35)(r)
(2499 1419 2856)(35 35 35)(r)
(2504 1417 2858)(35 35 35)(r)
(2510 1415 2860)(35 35 35)(r)
(2515 1413 2863)(35 35 35)(r)
(2521 1411 2865)(35 35 35)(r)
(2526 1409 2867)(35 35 35)(r)
(2532 1407 2870)(35 35 35)(r)
(2537 1406 2872)(35 35 35)(r)
(2543 1404 2875)(35 35 35)(r)
(2549 1402 2877)(35 35 35)(r)
(2554 1400 2880)(35 35 35)(r)
(2560 1398 2882)(35 35 35)(r)
(2566 1397 2885)(35 35 35)(r)
(2571 1395 2887)(35 35 35)(r)
(2577 1393 2890)(35 35 35)(r)
(2583 1391 2892)(35 35 35)(r)
(2589 1389 2895)(35 35 35)(r)
(2595 1388 2897)(35 35 35)(r)
(2600 1386 2900)(35 35 35)(r)
(2606 1384 2903)(35 35 35)(r)
(2612 1383 2905)(35 35 35)(r)
(2618 1381 2908)(35 35 35)(r)
(2624 1379 2911)(35 35 35)(r)
(2630 1378 2914)(35 35 35)(r)
(2636 1376 2916)(35 35 35)(r)
(2641 1374 2919)(35 35 35)(r)
(2647 1373 2922)(35 35 35)(r)
(2653 1371 2925)(35 35 35)(r)
(2659 1370 2928)(35 35 35)(r)
(2665 1368 2931)(35 35 35)(r)
(2671 1366 2933)(35 35 35)(r)
(2677 1365 2936)(35 35 35)(r)
(2684 1363 2939)(35 35 35)(r)
(2684 1363 2939)(35 35 35)(r)
(2684 1363 2939)(35 35 35)(r)
(2683 1363 2933)(35 35 35)(r)
(2682 1363 2927)(35 35 35)(r)
(2681 1363 2920)(35 35 35)(r)
(2680 1363 2914)(35 35 35)(r)
(2680 1363 2908)(35 35 35)(r)
(2679 1363 2902)(35 35 35)(r)
(2678 1363 2895)(35 35 35)(r)
(2678 1363 2889)(35 35 35)(r)
(2677 1363 2883)(35 35 35)(r)
(2676 1364 2877)(35 35 35)(r)
(2676 1364 2871)(35 35 35)(r)
(2675 1364 2865)(35 35 35)(r)
(2675 1364 2859)(35 35 35)(r)
(2674 1364 2853)(35 35 35)(r)
(2673 1364 2847)(35 35 35)(r)
(2673 1364 2840)(35 35 35)(r)
(2672 1364 2834)(35 35 35)(r)
(2672 1365 2829)(35 35 35)(r)
(2671 1365 2823)(35 35 35)(r)
(2671 1365 2817)(35 35 35)(r)
(2670 1365 2811)(35 35 35)(r)
(2670 1365 2805)(35 35 35)(r)
(2669 1366 2799)(35 35 35)(r)
(2669 1366 2793)(35 35 35)(r)
(2669 1366 2787)(35 35 35)(r)
(2668 1366 2781)(35 35 35)(r)
(2668 1367 2775)(35 35 35)(r)
(2668 1367 2770)(35 35 35)(r)
(2667 1367 2764)(35 35 35)(r)
(2667 1368 2758)(35 35 35)(r)
(2667 1368 2752)(35 35 35)(r)
(2666 1368 2747)(35 35 35)(r)
(2666 1369 2741)(35 35 35)(r)
(2666 1369 2735)(35 35 35)(r)
(2665 1369 2729)(35 35 35)(r)
(2665 1370 2724)(35 35 35)(r)
(2665 1370 2718)(35 35 35)(r)
(2665 1371 2713)(35 35 35)(r)
(2665 1371 2707)(35 35 35)(r)
(2664 1372 2701)(35 35 35)(r)
(2664 1372 2696)(35 35 35)(r)
(2664 1372 2690)(35 35 35)(r)
(2664 1373 2685)(35 35 35)(r)
(2664 1373 2679)(35 35 35)(r)
(2664 1374 2673)(35 35 35)(r)
(2664 1374 2668)(35 35 35)(r)
(2664 1375 2662)(35 35 35)(r)
(2664 1375 2657)(35 35 35)(r)
(2663 1376 2652)(35 35 35)(r)
(2663 1377 2646)(35 35 35)(r)
(2663 1377 2641)(35 35 35)(r)
(2663 1378 2635)(35 35 35)(r)
(2663 1378 2630)(35 35 35)(r)
(2663 1379 2624)(35 35 35)(r)
(2664 1380 2619)(35 35 35)(r)
(2664 1380 2614)(35 35 35)(r)
(2664 1381 2608)(35 35 35)(r)
(2664 1382 2603)(35 35 35)(r)
(2664 1382 2598)(35 35 35)(r)
(2664 1383 2592)(35 35 35)(r)
(2664 1384 2587)(35 35 35)(r)
(2664 1384 2582)(35 35 35)(r)
(2664 1385 2576)(35 35 35)(r)
(2665 1386 2571)(35 35 35)(r)
(2665 1386 2566)(35 35 35)(r)
(2665 1387 2561)(35 35 35)(r)
(2665 1388 2555)(35 35 35)(r)
(2665 1389 2550)(35 35 35)(r)
(2666 1390 2545)(35 35 35)(r)
(2666 1390 2540)(35 35 35)(r)
(2666 1391 2535)(35 35 35)(r)
(2666 1392 2530)(35 35 35)(r)
(2667 1393 2524)(35 35 35)(r)
(2667 1394 2519)(35 35 35)(r)
(2667 1395 2514)(35 35 35)(r)
(2668 1395 2509)(35 35 35)(r)
(2668 1396 2504)(35 35 35)(r)
(2668 1397 2499)(35 35 35)(r)
(2669 1398 2494)(35 35 35)(r)
(2669 1399 2489)(35 35 35)(r)
(2670 1400 2484)(35 35 35)(r)
(2670 1401 2479)(35 35 35)(r)
(2670 1402 2474)(35 35 35)(r)
(2671 1403 2469)(35 35 35)(r)
(2671 1404 2464)(35 35 35)(r)
(2672 1405 2459)(35 35 35)(r)
(2672 1406 2454)(35 35 35)(r)
(2673 1407 2449)(35 35 35)(r)
(2673 1408 2444)(35 35 35)(r)
(2674 1409 2439)(35 35 35)(r)
(2674 1409 2439)(35 35 35)(r)
(2212 858 1973)(70 70 70)(w)
(2533 1270 1208)(70 70 70)(w)
(2980 1792 1724)(70 70 70)(w)
(2980 1792 1724)(35 35 35)(r)
(2982 1796 1721)(35 35 35)(r)
(2985 1799 1717)(35 35 35)(r)
(2988 1802 1714)(35 35 35)(r)
(2991 1806 1711)(35 35 35)(r)
(2994 1809 1708)(35 35 35)(r)
(2997 1812 1705)(35 35 35)(r)
(3000 1816 1702)(35 35 35)(r)
(3003 1819 1700)(35 35 35)(r)
(3006 1822 1697)(35 35 35)(r)
(3009 1826 1694)(35 35 35)(r)
(3012 1829 1691)(35 35 35)(r)
(3016 1833 1688)(35 35 35)(r)
(3019 1836 1685)(35 35 35)(r)
(3022 1839 1682)(35 35 35)(r)
(3025 1843 1679)(35 35 35)(r)
(3028 1846 1676)(35 35 35)(r)
(3031 1850 1673)(35 35 35)(r)
(3034 1853 1670)(35 35 35)(r)
(3038 1857 1668)(35 35 35)(r)
(3041 1860 1665)(35 35 35)(r)
(3044 1864 1662)(35 35 35)(r)
(3047 1867 1659)(35 35 35)(r)
(3051 1871 1656)(35 35 35)(r)
(3054 1875 1653)(35 35 35)(r)
(3057 1878 1651)(35 35 35)(r)
(3060 1882 1648)(35 35 35)(r)
(3064 1885 1645)(35 35 35)(r)
(3067 1889 1642)(35 35 35)(r)
(3070 1893 1640)(35 35 35)(r)
(3074 1896 1637)(35 35 35)(r)
(3077 1900 1634)(35 35 35)(r)
(3081 1904 1631)(35 35 35)(r)
(3084 1907 1629)(35 35 35)(r)
(3087 1911 1626)(35 35 35)(r)
(3091 1915 1623)(35 35 35)(r)
(3094 1919 1621)(35 35 35)(r)
(3098 1922 1618)(35 35 35)(r)
(3101 1926 1615)(35 35 35)(r)
(3105 1930 1613)(35 35 35)(r)
(3109 1934 1610)(35 35 35)(r)
(3112 1938 1607)(35 35 35)(r)
(3116 1941 1605)(35 35 35)(r)
(3119 1945 1602)(35 35 35)(r)
(3123 1949 1600)(35 35 35)(r)
(3127 1953 1597)(35 35 35)(r)
(3130 1957 1595)(35 35 35)(r)
(3134 1961 1592)(35 35 35)(r)
(3138 1965 1589)(35 35 35)(r)
(3141 1969 1587)(35 35 35)(r)
(3145 1973 1584)(35 35 35)(r)
(3149 1977 1582)(35 35 35)(r)
(3153 1981 1579)(35 35 35)(r)
(3156 1985 1577)(35 35 35)(r)
(3160 1989 1574)(35 35 35)(r)
(3164 1993 1572)(35 35 35)(r)
(3168 1997 1570)(35 35 35)(r)
(3172 2001 1567)(35 35 35)(r)
(3176 2005 1565)(35 35 35)(r)
(3180 2009 1562)(35 35 35)(r)
(3184 2013 1560)(35 35 35)(r)
(3187 2017 1557)(35 35 35)(r)
(3191 2021 1555)(35 35 35)(r)
(3195 2025 1553)(35 35 35)(r)
(3199 2030 1550)(35 35 35)(r)
(3203 2034 1548)(35 35 35)(r)
(3208 2038 1546)(35 35 35)(r)
(3212 2042 1543)(35 35 35)(r)
(3216 2046 1541)(35 35 35)(r)
(3220 2051 1539)(35 35 35)(r)
(3224 2055 1536)(35 35 35)(r)
(3228 2059 1534)(35 35 35)(r)
(3232 2064 1532)(35 35 35)(r)
(3237 2068 1529)(35 35 35)(r)
(3241 2072 1527)(35 35 35)(r)
(3245 2077 1525)(35 35 35)(r)
(3249 2081 1523)(35 35 35)(r)
(3254 2085 1521)(35 35 35)(r)
(3258 2090 1518)(35 35 35)(r)
(3262 2094 1516)(35 35 35)(r)
(3267 2099 1514)(35 35 35)(r)
(3271 2103 1512)(35 35 35)(r)
(3276 2107 1510)(35 35 35)(r)
(3280 2112 1507)(35 35 35)(r)
(3284 2116 1505)(35 35 35)(r)
(3289 2121 1503)(35 35 35)(r)
(3294 2125 1501)(35 35 35)(r)
(3298 2130 1499)(35 35 35)(r)
(3303 2135 1497)(35 35 35)(r)
(3307 2139 1495)(35 35 35)(r)
(3312 2144 1493)(35 35 35)(r)
(3312 2144 1493)(35 35 35)(r)
(3312 2144 1493)(35 35 35)(r)
(3306 2145 1490)(35 35 35)(r)
(3300 2146 1488)(35 35 35)(r)
(3295 2147 1486)(35 35 35)(r)
(3289 2149 1484)(35 35 35)(r)
(3283 2150 1481)(35 35 35)(r)
(3278 2151 1479)(35 35 35)(r)
(3272 2152 1477)(35 35 35)(r)
(3266 2154 1475)(35 35 35)(r)
(3261 2155 1473)(35 35 35)(r)
(3255 2156 1470)(35 35 35)(r)
(3250 2158 1468)(35 35 35)(r)
(3244 2159 1466)(35 35 35)(r)
(3239 2160 1464)(35 35 35)(r)
(3233 2162 1462)(35 35 35)(r)
(3228 2163 1460)(35 35 35)(r)
(3223 2165 1458)(35 35 35)(r)
(3217 2166 1456)(35 35 35)(r)
(3212 2167 1454)(35 35 35)(r)
(3207 2169 1452)(35 35 35)(r)
(3201 2170 1450)(35 35 35)(r)
(3196 2172 1448)(35 35 35)(r)
(3191 2173 1446)(35 35 35)(r)
(3185 2174 1444)(35 35 35)(r)
(3180 2176 1442)(35 35 35)(r)
(3175 2177 1440)(35 35 35)(r)
(3170 2179 1438)(35 35 35)(r)
(3164 2180 1436)(35 35 35)(r)
(3159 2182 1434)(35 35 35)(r)
(3154 2184 1432)(35 35 35)(r)
(3149 2185 1430)(35 35 35)(r)
(3144 2187 1428)(35 35 35)(r)
(3139 2188 1426)(35 35 35)(r)
(3134 2190 1425)(35 35 35)(r)
(3129 2191 1423)(35 35 35)(r)
(3124 2193 1421)(35 35 35)(r)
(3119 2195 1419)(35 35 35)(r)
(3114 2196 1417)(35 35 35)(r)
(3109 2198 1416)(35 35 35)(r)
(3104 2199 1414)(35 35 35)(r)
(3099 2201 1412)(35 35 35)(r)
(3094 2203 1410)(35 35 35)(r)
(3089 2204 1409)(35 35 35)(r)
(3084 2206 1407)(35 35 35)(r)
(3079 2208 1405)(35 35 35)(r)
(3074 2210 1403)(35 35 35)(r)
(3070 2211 1402)(35 35 35)(r)
(3065 2213 1400)(35 35 35)(r)
(3060 2215 1399)(35 35 35)(r)
(3055 2217 1397)(35 35 35)(r)
(3050 2218 1395)(35 35 35)(r)
(3046 2220 1394)(35 35 35)(r)
(3041 2222 1392)(35 35 35)(r)
(3036 2224 1390)(35 35 35)(r)
(3031 2226 1389)(35 35 35)(r)
(3027 2227 1387)(35 35 35)(r)
(3022 2229 1386)(35 35 35)(r)
(3017 2231 1384)(35 35 35)(r)
(3013 2233 1383)(35 35 35)(r)
(3008 2235 1381)(35 35 35)(r)
(3004 2237 1380)(35 35 35)(r)
(2999 2239 1378)(35 35 35)(r)
(2994 2240 1377)(35 35 35)(r)
(2990 2242 1375)(35 35 35)(r)
(2985 2244 1374)(35 35 35)(r)
(2981 2246 1373)(35 35 35)(r)
(2976 2248 1371)(35 35 35)(r)
(2972 2250 1370)(35 35 35)(r)
(2967 2252 1368)(35 35 35)(r)
(2963 2254 1367)(35 35 35)(r)
(2958 2256 1366)(35 35 35)(r)
(2954 2258 1364)(35 35 35)(r)
(2949 2260 1363)(35 35 35)(r)
(2945 2262 1362)(35 35 35)(r)
(2940 2264 1360)(35 35 35)(r)
(2936 2266 1359)(35 35 35)(r)
(2932 2268 1358)(35 35 35)(r)
(2927 2270 1356)(35 35 35)(r)
(2923 2272 1355)(35 35 35)(r)
(2919 2274 1354)(35 35 35)(r)
(2914 2277 1353)(35 35 35)(r)
(2910 2279 1351)(35 35 35)(r)
(2906 2281 1350)(35 35 35)(r)
(2901 2283 1349)(35 35 35)(r)
(2897 2285 1348)(35 35 35)(r)
(2893 2287 1347)(35 35 35)(r)
(2889 2289 1346)(35 35 35)(r)
(2884 2292 1344)(35 35 35)(r)
(2880 2294 1343)(35 35 35)(r)
(2876 2296 1342)(35 35 35)(r)
(2872 2298 1341)(35 35 35)(r)
(2872 2298 1341)(35 35 35)(r)
(2420 1813 797)(70 70 70)(w)
(1815 2418 797)(70 70 70)(w)
(2300 2870 1341)(70 70 70)(w)
(2300 2870 1341)(35 35 35)(r)
(2298 2874 1342)(35 35 35)(r)
(2296 2878 1343)(35 35 35)(r)
(2294 2882 1344)(35 35 35)(r)
(2291 2887 1346)(35 35 35)(r)
(2289 2891 1347)(35 35 35)(r)
(2287 2895 1348)(35 35 35)(r)
(2285 2899 1349)(35 35 35)(r)
(2283 2904 1350)(35 35 35)(r)
(2281 2908 1351)(35 35 35)(r)
(2279 2912 1353)(35 35 35)(r)
(2276 2917 1354)(35 35 35)(r)
(2274 2921 1355)(35 35 35)(r)
(2272 2925 1356)(35 35 35)(r)
(2270 2930 1358)(35 35 35)(r)
(2268 2934 1359)(35 35 35)(r)
(2266 2938 1360)(35 35 35)(r)
(2264 2943 1362)(35 35 35)(r)
(2262 2947 1363)(35 35 35)(r)
(2260 2952 1364)(35 35 35)(r)
(2258 2956 1366)(35 35 35)(r)
(2256 2961 1367)(35 35 35)(r)
(2254 2965 1368)(35 35 35)(r)
(2252 2970 1370)(35 35 35)(r)
(2250 2974 1371)(35 35 35)(r)
(2248 2979 1373)(35 35 35)(r)
(2246 2983 1374)(35 35 35)(r)
(2244 2988 1375)(35 35 35)(r)
(2242 2992 1377)(35 35 35)(r)
(2241 2997 1378)(35 35 35)(r)
(2239 3002 1380)(35 35 35)(r)
(2237 3006 1381)(35 35 35)(r)
(2235 3011 1383)(35 35 35)(r)
(2233 3015 1384)(35 35 35)(r)
(2231 3020 1386)(35 35 35)(r)
(2229 3025 1387)(35 35 35)(r)
(2228 3029 1389)(35 35 35)(r)
(2226 3034 1390)(35 35 35)(r)
(2224 3039 1392)(35 35 35)(r)
(2222 3044 1394)(35 35 35)(r)
(2220 3048 1395)(35 35 35)(r)
(2219 3053 1397)(35 35 35)(r)
(2217 3058 1399)(35 35 35)(r)
(2215 3063 1400)(35 35 35)(r)
(2213 3068 1402)(35 35 35)(r)
(2212 3072 1403)(35 35 35)(r)
(2210 3077 1405)(35 35 35)(r)
(2208 3082 1407)(35 35 35)(r)
(2206 3087 1409)(35 35 35)(r)
(2205 3092 1410)(35 35 35)(r)
(2203 3097 1412)(35 35 35)(r)
(2201 3102 1414)(35 35 35)(r)
(2200 3107 1416)(35 35 35)(r)
(2198 3112 1417)(35 35 35)(r)
(2197 3117 1419)(35 35 35)(r)
(2195 3122 1421)(35 35 35)(r)
(2193 3127 1423)(35 35 35)(r)
(2192 3132 1425)(35 35 35)(r)
(2190 3137 1426)(35 35 35)(r)
(2189 3142 1428)(35 35 35)(r)
(2187 3147 1430)(35 35 35)(r)
(2186 3152 1432)(35 35 35)(r)
(2184 3157 1434)(35 35 35)(r)
(2182 3162 1436)(35 35 35)(r)
(2181 3168 1438)(35 35 35)(r)
(2179 3173 1440)(35 35 35)(r)
(2178 3178 1442)(35 35 35)(r)
(2176 3183 1444)(35 35 35)(r)
(2175 3189 1446)(35 35 35)(r)
(2174 3194 1448)(35 35 35)(r)
(2172 3199 1450)(35 35 35)(r)
(2171 3205 1452)(35 35 35)(r)
(2169 3210 1454)(35 35 35)(r)
(2168 3215 1456)(35 35 35)(r)
(2167 3221 1458)(35 35 35)(r)
(2165 3226 1460)(35 35 35)(r)
(2164 3231 1462)(35 35 35)(r)
(2162 3237 1464)(35 35 35)(r)
(2161 3242 1466)(35 35 35)(r)
(2160 3248 1468)(35 35 35)(r)
(2158 3253 1470)(35 35 35)(r)
(2157 3259 1473)(35 35 35)(r)
(2156 3264 1475)(35 35 35)(r)
(2154 3270 1477)(35 35 35)(r)
(2153 3276 1479)(35 35 35)(r)
(2152 3281 1481)(35 35 35)(r)
(2151 3287 1484)(35 35 35)(r)
(2149 3293 1486)(35 35 35)(r)
(2148 3298 1488)(35 35 35)(r)
(2147 3304 1490)(35 35 35)(r)
(2146 3310 1493)(35 35 35)(r)
(2146 3310 1493)(35 35 35)(r)
(2146 3310 1493)(35 35 35)(r)
(2141 3305 1495)(35 35 35)(r)
(2137 3301 1497)(35 35 35)(r)
(2132 3296 1499)(35 35 35)(r)
(2127 3292 1501)(35 35 35)(r)
(2123 3287 1503)(35 35 35)(r)
(2118 3282 1505)(35 35 35)(r)
(2114 3278 1507)(35 35 35)(r)
(2109 3274 1510)(35 35 35)(r)
(2105 3269 1512)(35 35 35)(r)
(2101 3265 1514)(35 35 35)(r)
(2096 3260 1516)(35 35 35)(r)
(2092 3256 1518)(35 35 35)(r)
(2087 3252 1521)(35 35 35)(r)
(2083 3247 1523)(35 35 35)(r)
(2079 3243 1525)(35 35 35)(r)
(2074 3239 1527)(35 35 35)(r)
(2070 3235 1529)(35 35 35)(r)
(2066 3230 1532)(35 35 35)(r)
(2061 3226 1534)(35 35 35)(r)
(2057 3222 1536)(35 35 35)(r)
(2053 3218 1539)(35 35 35)(r)
(2048 3214 1541)(35 35 35)(r)
(2044 3210 1543)(35 35 35)(r)
(2040 3206 1546)(35 35 35)(r)
(2036 3201 1548)(35 35 35)(r)
(2032 3197 1550)(35 35 35)(r)
(2027 3193 1553)(35 35 35)(r)
(2023 3189 1555)(35 35 35)(r)
(2019 3185 1557)(35 35 35)(r)
(2015 3182 1560)(35 35 35)(r)
(2011 3178 1562)(35 35 35)(r)
(2007 3174 1565)(35 35 35)(r)
(2003 3170 1567)(35 35 35)(r)
(1999 3166 1570)(35 35 35)(r)
(1995 3162 1572)(35 35 35)(r)
(1991 3158 1574)(35 35 35)(r)
(1987 3154 1577)(35 35 35)(r)
(1983 3151 1579)(35 35 35)(r)
(1979 3147 1582)(35 35 35)(r)
(1975 3143 1584)(35 35 35)(r)
(1971 3139 1587)(35 35 35)(r)
(1967 3136 1589)(35 35 35)(r)
(1963 3132 1592)(35 35 35)(r)
(1959 3128 1595)(35 35 35)(r)
(1955 3125 1597)(35 35 35)(r)
(1951 3121 1600)(35 35 35)(r)
(1947 3117 1602)(35 35 35)(r)
(1943 3114 1605)(35 35 35)(r)
(1940 3110 1607)(35 35 35)(r)
(1936 3107 1610)(35 35 35)(r)
(1932 3103 1613)(35 35 35)(r)
(1928 3099 1615)(35 35 35)(r)
(1924 3096 1618)(35 35 35)(r)
(1921 3092 1621)(35 35 35)(r)
(1917 3089 1623)(35 35 35)(r)
(1913 3085 1626)(35 35 35)(r)
(1909 3082 1629)(35 35 35)(r)
(1906 3079 1631)(35 35 35)(r)
(1902 3075 1634)(35 35 35)(r)
(1898 3072 1637)(35 35 35)(r)
(1895 3068 1640)(35 35 35)(r)
(1891 3065 1642)(35 35 35)(r)
(1887 3062 1645)(35 35 35)(r)
(1884 3058 1648)(35 35 35)(r)
(1880 3055 1651)(35 35 35)(r)
(1877 3052 1653)(35 35 35)(r)
(1873 3049 1656)(35 35 35)(r)
(1869 3045 1659)(35 35 35)(r)
(1866 3042 1662)(35 35 35)(r)
(1862 3039 1665)(35 35 35)(r)
(1859 3036 1668)(35 35 35)(r)
(1855 3032 1670)(35 35 35)(r)
(1852 3029 1673)(35 35 35)(r)
(1848 3026 1676)(35 35 35)(r)
(1845 3023 1679)(35 35 35)(r)
(1841 3020 1682)(35 35 35)(r)
(1838 3017 1685)(35 35 35)(r)
(1835 3014 1688)(35 35 35)(r)
(1831 3010 1691)(35 35 35)(r)
(1828 3007 1694)(35 35 35)(r)
(1824 3004 1697)(35 35 35)(r)
(1821 3001 1700)(35 35 35)(r)
(1818 2998 1702)(35 35 35)(r)
(1814 2995 1705)(35 35 35)(r)
(1811 2992 1708)(35 35 35)(r)
(1808 2989 1711)(35 35 35)(r)
(1804 2986 1714)(35 35 35)(r)
(1801 2983 1717)(35 35 35)(r)
(1798 2980 1721)(35 35 35)(r)
(1794 2978 1724)(35 35 35)(r)
(1794 2978 1724)(35 35 35)(r)
(1272 2531 1208)(70 70 70)(w)
(820 2363 2039)(70 70 70)(w)
(1374 2830 2513)(70 70 70)(w)
(1374 2830 2513)(35 35 35)(r)
(1373 2830 2518)(35 35 35)(r)
(1372 2829 2523)(35 35 35)(r)
(1371 2829 2528)(35 35 35)(r)
(1370 2829 2533)(35 35 35)(r)
(1369 2828 2538)(35 35 35)(r)
(1368 2828 2543)(35 35 35)(r)
(1367 2828 2549)(35 35 35)(r)
(1366 2827 2554)(35 35 35)(r)
(1365 2827 2559)(35 35 35)(r)
(1364 2827 2564)(35 35 35)(r)
(1363 2826 2569)(35 35 35)(r)
(1362 2826 2574)(35 35 35)(r)
(1361 2826 2579)(35 35 35)(r)
(1361 2826 2585)(35 35 35)(r)
(1360 2826 2590)(35 35 35)(r)
(1359 2825 2595)(35 35 35)(r)
(1358 2825 2600)(35 35 35)(r)
(1357 2825 2606)(35 35 35)(r)
(1356 2825 2611)(35 35 35)(r)
(1355 2825 2616)(35 35 35)(r)
(1355 2825 2621)(35 35 35)(r)
(1354 2824 2627)(35 35 35)(r)
(1353 2824 2632)(35 35 35)(r)
(1352 2824 2637)(35 35 35)(r)
(1352 2824 2643)(35 35 35)(r)
(1351 2824 2648)(35 35 35)(r)
(1350 2824 2653)(35 35 35)(r)
(1349 2824 2659)(35 35 35)(r)
(1349 2824 2664)(35 35 35)(r)
(1348 2824 2670)(35 35 35)(r)
(1347 2824 2675)(35 35 35)(r)
(1347 2824 2681)(35 35 35)(r)
(1346 2824 2686)(35 35 35)(r)
(1345 2824 2692)(35 35 35)(r)
(1345 2824 2697)(35 35 35)(r)
(1344 2824 2703)(35 35 35)(r)
(1343 2824 2708)(35 35 35)(r)
(1343 2825 2714)(35 35 35)(r)
(1342 2825 2719)(35 35 35)(r)
(1342 2825 2725)(35 35 35)(r)
(1341 2825 2730)(35 35 35)(r)
(1340 2825 2736)(35 35 35)(r)
(1340 2825 2742)(35 35 35)(r)
(1339 2826 2747)(35 35 35)(r)
(1339 2826 2753)(35 35 35)(r)
(1338 2826 2759)(35 35 35)(r)
(1338 2826 2764)(35 35 35)(r)
(1337 2827 2770)(35 35 35)(r)
(1337 2827 2776)(35 35 35)(r)
(1336 2827 2782)(35 35 35)(r)
(1336 2828 2787)(35 35 35)(r)
(1336 2828 2793)(35 35 35)(r)
(1335 2828 2799)(35 35 35)(r)
(1335 2829 2805)(35 35 35)(r)
(1334 2829 2811)(35 35 35)(r)
(1334 2830 2816)(35 35 35)(r)
(1334 2830 2822)(35 35 35)(r)
(1333 2830 2828)(35 35 35)(r)
(1333 2831 2834)(35 35 35)(r)
(1332 2831 2840)(35 35 35)(r)
(1332 2832 2846)(35 35 35)(r)
(1332 2832 2852)(35 35 35)(r)
(1332 2833 2858)(35 35 35)(r)
(1331 2834 2864)(35 35 35)(r)
(1331 2834 2870)(35 35 35)(r)
(1331 2835 2876)(35 35 35)(r)
(1330 2835 2882)(35 35 35)(r)
(1330 2836 2888)(35 35 35)(r)
(1330 2837 2895)(35 35 35)(r)
(1330 2837 2901)(35 35 35)(r)
(1330 2838 2907)(35 35 35)(r)
(1329 2839 2913)(35 35 35)(r)
(1329 2839 2919)(35 35 35)(r)
(1329 2840 2925)(35 35 35)(r)
(1329 2841 2932)(35 35 35)(r)
(1329 2841 2938)(35 35 35)(r)
(1329 2842 2944)(35 35 35)(r)
(1328 2843 2951)(35 35 35)(r)
(1328 2844 2957)(35 35 35)(r)
(1328 2845 2963)(35 35 35)(r)
(1328 2845 2970)(35 35 35)(r)
(1328 2846 2976)(35 35 35)(r)
(1328 2847 2983)(35 35 35)(r)
(1328 2848 2989)(35 35 35)(r)
(1328 2849 2996)(35 35 35)(r)
(1328 2850 3002)(35 35 35)(r)
(1328 2851 3009)(35 35 35)(r)
(1328 2852 3015)(35 35 35)(r)
(1328 2853 3022)(35 35 35)(r)
(1328 2854 3029)(35 35 35)(r)
(1328 2855 3035)(35 35 35)(r)
(1328 2856 3042)(35 35 35)(r)
(1328 2857 3049)(35 35 35)(r)
(1328 2858 3056)(35 35 35)(r)
(1328 2859 3062)(35 35 35)(r)
(1328 2860 3069)(35 35 35)(r)
(1328 2862 3076)(35 35 35)(r)
(1329 2863 3083)(35 35 35)(r)
(1329 2864 3090)(35 35 35)(r)
(1329 2865 3097)(35 35 35)(r)
(1329 2866 3104)(35 35 35)(r)
(1329 2868 3111)(35 35 35)(r)
(1329 2869 3118)(35 35 35)(r)
(1330 2870 3125)(35 35 35)(r)
(1330 2871 3132)(35 35 35)(r)
(1330 2873 3139)(35 35 35)(r)
(1330 2874 3146)(35 35 35)(r)
(1330 2876 3154)(35 35 35)(r)
(1331 2877 3161)(35 35 35)(r)
(1331 2878 3168)(35 35 35)(r)
(1331 2880 3176)(35 35 35)(r)
(1332 2881 3183)(35 35 35)(r)
(1332 2883 3190)(35 35 35)(r)
(1332 2884 3198)(35 35 35)(r)
(1332 2886 3205)(35 35 35)(r)
(1333 2887 3213)(35 35 35)(r)
(1333 2889 3221)(35 35 35)(r)
(1333 2889 3221)(35 35 35)(r)
(1333 2889 3221)(35 35 35)(r)
(1334 2882 3216)(35 35 35)(r)
(1336 2875 3212)(35 35 35)(r)
(1337 2868 3208)(35 35 35)(r)
(1338 2861 3204)(35 35 35)(r)
(1339 2854 3200)(35 35 35)(r)
(1341 2847 3196)(35 35 35)(r)
(1342 2840 3192)(35 35 35)(r)
(1343 2834 3188)(35 35 35)(r)
(1345 2827 3184)(35 35 35)(r)
(1346 2820 3181)(35 35 35)(r)
(1347 2813 3177)(35 35 35)(r)
(1349 2807 3173)(35 35 35)(r)
(1350 2800 3169)(35 35 35)(r)
(1352 2793 3166)(35 35 35)(r)
(1353 2787 3162)(35 35 35)(r)
(1354 2780 3158)(35 35 35)(r)
(1356 2774 3155)(35 35 35)(r)
(1357 2767 3151)(35 35 35)(r)
(1359 2761 3148)(35 35 35)(r)
(1360 2754 3144)(35 35 35)(r)
(1362 2748 3141)(35 35 35)(r)
(1363 2741 3137)(35 35 35)(r)
(1365 2735 3134)(35 35 35)(r)
(1366 2729 3130)(35 35 35)(r)
(1368 2722 3127)(35 35 35)(r)
(1369 2716 3124)(35 35 35)(r)
(1371 2710 3120)(35 35 35)(r)
(1372 2703 3117)(35 35 35)(r)
(1374 2697 3114)(35 35 35)(r)
(1375 2691 3111)(35 35 35)(r)
(1377 2685 3108)(35 35 35)(r)
(1379 2678 3104)(35 35 35)(r)
(1380 2672 3101)(35 35 35)(r)
(1382 2666 3098)(35 35 35)(r)
(1384 2660 3095)(35 35 35)(r)
(1385 2654 3092)(35 35 35)(r)
(1387 2648 3089)(35 35 35)(r)
(1389 2642 3086)(35 35 35)(r)
(1390 2636 3083)(35 35 35)(r)
(1392 2630 3080)(35 35 35)(r)
(1394 2624 3077)(35 35 35)(r)
(1395 2618 3074)(35 35 35)(r)
(1397 2612 3072)(35 35 35)(r)
(1399 2606 3069)(35 35 35)(r)
(1401 2600 3066)(35 35 35)(r)
(1402 2594 3063)(35 35 35)(r)
(1404 2588 3060)(35 35 35)(r)
(1406 2582 3058)(35 35 35)(r)
(1408 2576 3055)(35 35 35)(r)
(1410 2570 3052)(35 35 35)(r)
(1411 2565 3049)(35 35 35)(r)
(1413 2559 3047)(35 35 35)(r)
(1415 2553 3044)(35 35 35)(r)
(1417 2547 3042)(35 35 35)(r)
(1419 2542 3039)(35 35 35)(r)
(1421 2536 3036)(35 35 35)(r)
(1423 2530 3034)(35 35 35)(r)
(1425 2524 3031)(35 35 35)(r)
(1426 2519 3029)(35 35 35)(r)
(1428 2513 3026)(35 35 35)(r)
(1430 2507 3024)(35 35 35)(r)
(1432 2502 3022)(35 35 35)(r)
(1434 2496 3019)(35 35 35)(r)
(1436 2491 3017)(35 35 35)(r)
(1438 2485 3014)(35 35 35)(r)
(1440 2480 3012)(35 35 35)(r)
(1442 2474 3010)(35 35 35)(r)
(1444 2469 3007)(35 35 35)(r)
(1446 2463 3005)(35 35 35)(r)
(1448 2458 3003)(35 35 35)(r)
(1451 2452 3001)(35 35 35)(r)
(1453 2447 2998)(35 35 35)(r)
(1455 2441 2996)(35 35 35)(r)
(1457 2436 2994)(35 35 35)(r)
(1459 2430 2992)(35 35 35)(r)
(1461 2425 2990)(35 35 35)(r)
(1463 2420 2988)(35 35 35)(r)
(1465 2414 2986)(35 35 35)(r)
(1467 2409 2983)(35 35 35)(r)
(1470 2404 2981)(35 35 35)(r)
(1472 2398 2979)(35 35 35)(r)
(1474 2393 2977)(35 35 35)(r)
(1476 2388 2975)(35 35 35)(r)
(1478 2383 2973)(35 35 35)(r)
(1481 2377 2971)(35 35 35)(r)
(1483 2372 2969)(35 35 35)(r)
(1485 2367 2968)(35 35 35)(r)
(1487 2362 2966)(35 35 35)(r)
(1490 2357 2964)(35 35 35)(r)
(1492 2351 2962)(35 35 35)(r)
(1494 2346 2960)(35 35 35)(r)
(1497 2341 2958)(35 35 35)(r)
(1499 2336 2956)(35 35 35)(r)
(1501 2331 2955)(35 35 35)(r)
(1504 2326 2953)(35 35 35)(r)
(1506 2321 2951)(35 35 35)(r)
(1508 2316 2949)(35 35 35)(r)
(1511 2311 2948)(35 35 35)(r)
(1513 2306 2946)(35 35 35)(r)
(1516 2301 2944)(35 35 35)(r)
(1518 2296 2943)(35 35 35)(r)
(1520 2291 2941)(35 35 35)(r)
(1523 2286 2939)(35 35 35)(r)
(1525 2281 2938)(35 35 35)(r)
(1528 2276 2936)(35 35 35)(r)
(1530 2271 2934)(35 35 35)(r)
(1533 2266 2933)(35 35 35)(r)
(1535 2261 2931)(35 35 35)(r)
(1538 2256 2930)(35 35 35)(r)
(1540 2251 2928)(35 35 35)(r)
(1543 2246 2927)(35 35 35)(r)
(1545 2241 2925)(35 35 35)(r)
(1548 2237 2924)(35 35 35)(r)
(1550 2232 2922)(35 35 35)(r)
(1553 2227 2921)(35 35 35)(r)
(1556 2222 2920)(35 35 35)(r)
(1558 2217 2918)(35 35 35)(r)
(1558 2217 2918)(35 35 35)(r)
(1558 2217 2918)(35 35 35)(r)
(1558 2217 2912)(35 35 35)(r)
(1557 2216 2905)(35 35 35)(r)
(1557 2215 2899)(35 35 35)(r)
(1557 2214 2893)(35 35 35)(r)
(1556 2214 2887)(35 35 35)(r)
(1556 2213 2880)(35 35 35)(r)
(1556 2212 2874)(35 35 35)(r)
(1555 2212 2868)(35 35 35)(r)
(1555 2211 2862)(35 35 35)(r)
(1555 2210 2855)(35 35 35)(r)
(1554 2210 2849)(35 35 35)(r)
(1554 2209 2843)(35 35 35)(r)
(1554 2209 2837)(35 35 35)(r)
(1554 2208 2831)(35 35 35)(r)
(1553 2208 2825)(35 35 35)(r)
(1553 2207 2819)(35 35 35)(r)
(1553 2206 2812)(35 35 35)(r)
(1553 2206 2806)(35 35 35)(r)
(1553 2205 2800)(35 35 35)(r)
(1552 2205 2794)(35 35 35)(r)
(1552 2204 2788)(35 35 35)(r)
(1552 2204 2782)(35 35 35)(r)
(1552 2204 2776)(35 35 35)(r)
(1552 2203 2770)(35 35 35)(r)
(1552 2203 2765)(35 35 35)(r)
(1552 2202 2759)(35 35 35)(r)
(1552 2202 2753)(35 35 35)(r)
(1552 2202 2753)(35 35 35)(r)
(1552 2202 2753)(35 35 35)(r)
(1549 2207 2754)(35 35 35)(r)
(1546 2211 2755)(35 35 35)(r)
(1544 2216 2757)(35 35 35)(r)
(1541 2221 2758)(35 35 35)(r)
(1539 2226 2759)(35 35 35)(r)
(1536 2230 2761)(35 35 35)(r)
(1534 2235 2762)(35 35 35)(r)
(1531 2240 2764)(35 35 35)(r)
(1529 2245 2765)(35 35 35)(r)
(1526 2249 2767)(35 35 35)(r)
(1524 2254 2768)(35 35 35)(r)
(1521 2259 2769)(35 35 35)(r)
(1519 2264 2771)(35 35 35)(r)
(1516 2269 2772)(35 35 35)(r)
(1514 2274 2774)(35 35 35)(r)
(1512 2279 2776)(35 35 35)(r)
(1509 2283 2777)(35 35 35)(r)
(1507 2288 2779)(35 35 35)(r)
(1504 2293 2780)(35 35 35)(r)
(1502 2298 2782)(35 35 35)(r)
(1500 2303 2783)(35 35 35)(r)
(1497 2308 2785)(35 35 35)(r)
(1495 2313 2787)(35 35 35)(r)
(1493 2318 2788)(35 35 35)(r)
(1490 2323 2790)(35 35 35)(r)
(1488 2328 2792)(35 35 35)(r)
(1486 2333 2794)(35 35 35)(r)
(1484 2338 2795)(35 35 35)(r)
(1481 2343 2797)(35 35 35)(r)
(1479 2348 2799)(35 35 35)(r)
(1477 2353 2801)(35 35 35)(r)
(1475 2359 2802)(35 35 35)(r)
(1472 2364 2804)(35 35 35)(r)
(1470 2369 2806)(35 35 35)(r)
(1468 2374 2808)(35 35 35)(r)
(1466 2379 2810)(35 35 35)(r)
(1464 2384 2812)(35 35 35)(r)
(1461 2390 2814)(35 35 35)(r)
(1459 2395 2816)(35 35 35)(r)
(1457 2400 2818)(35 35 35)(r)
(1455 2405 2820)(35 35 35)(r)
(1453 2410 2822)(35 35 35)(r)
(1451 2416 2824)(35 35 35)(r)
(1449 2421 2826)(35 35 35)(r)
(1447 2426 2828)(35 35 35)(r)
(1445 2432 2830)(35 35 35)(r)
(1443 2437 2832)(35 35 35)(r)
(1440 2442 2834)(35 35 35)(r)
(1438 2448 2836)(35 35 35)(r)
(1436 2453 2838)(35 35 35)(r)
(1434 2458 2840)(35 35 35)(r)
(1432 2464 2842)(35 35 35)(r)
(1430 2469 2845)(35 35 35)(r)
(1428 2475 2847)(35 35 35)(r)
(1427 2480 2849)(35 35 35)(r)
(1425 2486 2851)(35 35 35)(r)
(1423 2491 2853)(35 35 35)(r)
(1421 2497 2856)(35 35 35)(r)
(1419 2502 2858)(35 35 35)(r)
(1417 2508 2860)(35 35 35)(r)
(1415 2513 2863)(35 35 35)(r)
(1413 2519 2865)(35 35 35)(r)
(1411 2524 2867)(35 35 35)(r)
(1409 2530 2870)(35 35 35)(r)
(1408 2535 2872)(35 35 35)(r)
(1406 2541 2875)(35 35 35)(r)
(1404 2547 2877)(35 35 35)(r)
(1402 2552 2880)(35 35 35)(r)
(1400 2558 2882)(35 35 35)(r)
(1399 2564 2885)(35 35 35)(r)
(1397 2569 2887)(35 35 35)(r)
(1395 2575 2890)(35 35 35)(r)
(1393 2581 2892)(35 35 35)(r)
(1391 2587 2895)(35 35 35)(r)
(1390 2593 2897)(35 35 35)(r)
(1388 2598 2900)(35 35 35)(r)
(1386 2604 2903)(35 35 35)(r)
(1385 2610 2905)(35 35 35)(r)
(1383 2616 2908)(35 35 35)(r)
(1381 2622 2911)(35 35 35)(r)
(1380 2628 2914)(35 35 35)(r)
(1378 2634 2916)(35 35 35)(r)
(1376 2639 2919)(35 35 35)(r)
(1375 2645 2922)(35 35 35)(r)
(1373 2651 2925)(35 35 35)(r)
(1372 2657 2928)(35 35 35)(r)
(1370 2663 2931)(35 35 35)(r)
(1368 2669 2933)(35 35 35)(r)
(1367 2675 2936)(35 35 35)(r)
(1365 2682 2939)(35 35 35)(r)
(1365 2682 2939)(35 35 35)(r)
(1365 2682 2939)(35 35 35)(r)
(1365 2681 2933)(35 35 35)(r)
(1365 2680 2927)(35 35 35)(r)
(1365 2679 2920)(35 35 35)(r)
(1365 2678 2914)(35 35 35)(r)
(1365 2678 2908)(35 35 35)(r)
(1365 2677 2902)(35 35 35)(r)
(1365 2676 2895)(35 35 35)(r)
(1365 2676 2889)(35 35 35)(r)
(1365 2675 2883)(35 35 35)(r)
(1366 2674 2877)(35 35 35)(r)
(1366 2674 2871)(35 35 35)(r)
(1366 2673 2865)(35 35 35)(r)
(1366 2673 2859)(35 35 35)(r)
(1366 2672 2853)(35 35 35)(r)
(1366 2671 2847)(35 35 35)(r)
(1366 2671 2840)(35 35 35)(r)
(1366 2670 2834)(35 35 35)(r)
(1367 2670 2829)(35 35 35)(r)
(1367 2669 2823)(35 35 35)(r)
(1367 2669 2817)(35 35 35)(r)
(1367 2668 2811)(35 35 35)(r)
(1367 2668 2805)(35 35 35)(r)
(1368 2667 2799)(35 35 35)(r)
(1368 2667 2793)(35 35 35)(r)
(1368 2667 2787)(35 35 35)(r)
(1368 2666 2781)(35 35 35)(r)
(1369 2666 2775)(35 35 35)(r)
(1369 2666 2770)(35 35 35)(r)
(1369 2665 2764)(35 35 35)(r)
(1370 2665 2758)(35 35 35)(r)
(1370 2665 2752)(35 35 35)(r)
(1370 2664 2747)(35 35 35)(r)
(1371 2664 2741)(35 35 35)(r)
(1371 2664 2735)(35 35 35)(r)
(1371 2663 2729)(35 35 35)(r)
(1372 2663 2724)(35 35 35)(r)
(1372 2663 2718)(35 35 35)(r)
(1373 2663 2713)(35 35 35)(r)
(1373 2663 2707)(35 35 35)(r)
(1374 2662 2701)(35 35 35)(r)
(1374 2662 2696)(35 35 35)(r)
(1374 2662 2690)(35 35 35)(r)
(1375 2662 2685)(35 35 35)(r)
(1375 2662 2679)(35 35 35)(r)
(1376 2662 2673)(35 35 35)(r)
(1376 2662 2668)(35 35 35)(r)
(1377 2662 2662)(35 35 35)(r)
(1377 2662 2657)(35 35 35)(r)
(1378 2661 2652)(35 35 35)(r)
(1379 2661 2646)(35 35 35)(r)
(1379 2661 2641)(35 35 35)(r)
(1380 2661 2635)(35 35 35)(r)
(1380 2661 2630)(35 35 35)(r)
(1381 2661 2624)(35 35 35)(r)
(1382 2662 2619)(35 35 35)(r)
(1382 2662 2614)(35 35 35)(r)
(1383 2662 2608)(35 35 35)(r)
(1384 2662 2603)(35 35 35)(r)
(1384 2662 2598)(35 35 35)(r)
(1385 2662 2592)(35 35 35)(r)
(1386 2662 2587)(35 35 35)(r)
(1386 2662 2582)(35 35 35)(r)
(1387 2662 2576)(35 35 35)(r)
(1388 2663 2571)(35 35 35)(r)
(1388 2663 2566)(35 35 35)(r)
(1389 2663 2561)(35 35 35)(r)
(1390 2663 2555)(35 35 35)(r)
(1391 2663 2550)(35 35 35)(r)
(1392 2664 2545)(35 35 35)(r)
(1392 2664 2540)(35 35 35)(r)
(1393 2664 2535)(35 35 35)(r)
(1394 2664 2530)(35 35 35)(r)
(1395 2665 2524)(35 35 35)(r)
(1396 2665 2519)(35 35 35)(r)
(1397 2665 2514)(35 35 35)(r)
(1397 2666 2509)(35 35 35)(r)
(1398 2666 2504)(35 35 35)(r)
(1399 2666 2499)(35 35 35)(r)
(1400 2667 2494)(35 35 35)(r)
(1401 2667 2489)(35 35 35)(r)
(1402 2668 2484)(35 35 35)(r)
(1403 2668 2479)(35 35 35)(r)
(1404 2668 2474)(35 35 35)(r)
(1405 2669 2469)(35 35 35)(r)
(1406 2669 2464)(35 35 35)(r)
(1407 2670 2459)(35 35 35)(r)
(1408 2670 2454)(35 35 35)(r)
(1409 2671 2449)(35 35 35)(r)
(1410 2671 2444)(35 35 35)(r)
(1411 2672 2439)(35 35 35)(r)
(1411 2672 2439)(35 35 35)(r)
(1411 2672 2439)(35 35 35)(r)
(1409 2677 2441)(35 35 35)(r)
(1408 2683 2444)(35 35 35)(r)
(1406 2689 2447)(35 35 35)(r)
(1405 2694 2449)(35 35 35)(r)
(1403 2700 2452)(35 35 35)(r)
(1402 2706 2454)(35 35 35)(r)
(1401 2712 2457)(35 35 35)(r)
(1399 2717 2460)(35 35 35)(r)
(1398 2723 2462)(35 35 35)(r)
(1396 2729 2465)(35 35 35)(r)
(1395 2735 2468)(35 35 35)(r)
(1393 2741 2470)(35 35 35)(r)
(1392 2746 2473)(35 35 35)(r)
(1391 2752 2476)(35 35 35)(r)
(1389 2758 2478)(35 35 35)(r)
(1388 2764 2481)(35 35 35)(r)
(1387 2770 2484)(35 35 35)(r)
(1385 2776 2487)(35 35 35)(r)
(1384 2782 2490)(35 35 35)(r)
(1383 2788 2493)(35 35 35)(r)
(1382 2794 2495)(35 35 35)(r)
(1380 2800 2498)(35 35 35)(r)
(1379 2806 2501)(35 35 35)(r)
(1378 2812 2504)(35 35 35)(r)
(1377 2818 2507)(35 35 35)(r)
(1375 2824 2510)(35 35 35)(r)
(1374 2830 2513)(35 35 35)(r)
(1374 2830 2513)(35 35 35)(r)
(820 2363 2039)(70 70 70)(w)
(1510 1508 1351)(70 70 70)(w)
(1510 1508 1351)(70 70 70)(w)
