(75.000 35.000 -395.00 p)
(40.000 0.0000 -395.00 L)
(75.000 -35.00 -395.00 L)
(35.000 -75.00 -395.00 p)
(0.0000 -40.00 -395.00 L)
(-35.00 -75.00 -395.00 L)
(-75.00 -35.00 -395.00 p)
(-40.00 0.0000 -395.00 L)
(-75.00 35.000 -395.00 L)
(-35.00 75.000 -395.00 p)
(0.0000 40.000 -395.00 L)
(35.000 75.000 -395.00 L)
(-50.00 100.00 -395.00 p)
(-100.0 100.00 -395.00 L)
(-100.0 50.000 -395.00 L)
(-100.0 -50.00 -395.00 p)
(-100.0 -100.0 -395.00 L)
(-50.00 -100.0 -395.00 L)
(50.000 -100.0 -395.00 p)
(100.00 -100.0 -395.00 L)
(100.00 -50.00 -395.00 L)
(115.00 50.000 -395.00 p)
(115.00 115.00 -395.00 L)
(50.000 115.00 -395.00 L)
(50.000 100.00 -395.00 L)
(100.00 100.00 -395.00 L)
(100.00 50.000 -395.00 L)
(115.00 50.000 -395.00 L)
(0.0000 0.0000 -360.00 p)

